0 2
1 5
2 6
3 7
4 10
5 11
6 12
7 13
8 14
9 17
10 18
11 19
12 20
13 21
14 22
15 23
16 26
17 27
18 28
19 29
20 30
21 31
22 32
23 33
24 34
25 37
26 38
27 39
28 40
29 41
30 42
31 43
32 44
33 45
34 46
35 47
36 50
37 51
38 52
39 53
40 54
41 55
42 56
43 57
44 58
45 59
46 60
47 61
48 62
49 65
50 66
51 67
52 68
53 69
54 70
55 71
56 72
57 73
58 74
59 75
60 76
61 77
62 78
63 79
64 82
65 83
66 84
67 85
68 86
69 87
70 88
71 89
72 90
73 91
74 92
75 93
76 94
77 95
78 96
79 97
80 98
81 101
82 102
83 103
84 104
85 105
86 106
87 107
88 108
89 109
90 110
91 111
92 112
93 113
94 114
95 115
96 116
97 117
98 118
99 119
100 122
101 123
102 124
103 125
104 126
105 127
106 128
107 129
108 130
109 131
110 132
111 133
112 134
113 135
114 136
115 137
116 138
117 139
118 140
119 141
120 142
121 145
122 146
123 147
124 148
125 149
126 150
127 151
128 152
129 153
130 154
131 155
132 156
133 157
134 158
135 159
136 160
137 161
138 162
139 163
140 164
141 165
142 166
143 167
144 170
145 171
146 172
147 173
148 174
149 175
150 176
151 177
152 178
153 179
154 180
155 181
156 182
157 183
158 184
159 185
160 186
161 187
162 188
163 189
164 190
165 191
166 192
167 193
168 194
169 197
170 198
171 199
172 200
173 201
174 202
175 203
176 204
177 205
178 206
179 207
180 208
181 209
182 210
183 211
184 212
185 213
186 214
187 215
188 216
189 217
190 218
191 219
192 220
193 221
194 222
195 223
196 226
197 227
198 228
199 229
200 230
201 231
202 232
203 233
204 234
205 235
206 236
207 237
208 238
209 239
210 240
211 241
212 242
213 243
214 244
215 245
216 246
217 247
218 248
219 249
220 250
221 251
222 252
223 253
224 254
