0.000000000000000000e+00 0.000000000000000000e+00
2.286977091229813730e-04 8.290043624104322160e-07
4.650884468887821676e-04 1.827919339843528867e-03
7.098567603762442023e-04 9.873839927488492832e-03
9.639271524935059433e-04 3.304252011449238663e-02
1.231151804949737714e-03 8.513618261170891044e-02
1.515174443037058637e-03 1.890073445861921164e-01
1.815183086813075986e-03 3.798650300290427051e-01
2.122693251656031233e-03 7.001680157805562077e-01
2.424867744646638009e-03 1.175572786981353035e+00
2.713083670503473304e-03 1.793952047529661309e+00
2.986395159041168017e-03 2.531864755654820165e+00
3.248522489216130061e-03 3.389279789284121769e+00
3.504253712683408090e-03 4.385150204212269642e+00
3.757637016184420427e-03 5.541050576303306663e+00
4.011503080269302086e-03 6.872006672441546726e+00
4.268668999002963454e-03 8.380118978330349577e+00
4.532051349662139135e-03 1.007130265665974633e+01
4.804798680568109562e-03 1.194580873338122196e+01
5.091632605099816189e-03 1.399149013282332632e+01
5.398485122688007065e-03 1.620382426606997939e+01
5.730508049901312725e-03 1.855788526524643700e+01
6.087535727243837888e-03 2.096425250832966114e+01
6.459515867416618443e-03 2.321704693315805557e+01
6.829583079975493423e-03 2.503843197809209187e+01
7.184694995166971548e-03 2.627636303924380456e+01
7.521061411260519455e-03 2.699793558640943303e+01
7.840956300769724718e-03 2.735234429041003423e+01
8.147302508506442179e-03 2.745495687214159730e+01
8.439499991266908446e-03 2.737808037292059993e+01
8.716779197035170318e-03 2.716877638012314833e+01
8.986747998100117971e-03 2.685810833246456042e+01
9.256076178408985736e-03 2.646259465114546572e+01
9.522629795462223337e-03 2.598412570118537701e+01
9.784484580968240072e-03 2.541664731658022092e+01
1.004294650557951106e-02 2.474780906081822707e+01
1.029918847321787019e-02 2.396628217630704683e+01
1.055095882088476385e-02 2.308364275083222239e+01
1.079122574346622759e-02 2.215553055032115637e+01
1.101230370495119570e-02 2.126442528299556400e+01
1.121234053017084939e-02 2.046716360155089376e+01
1.139523248452170741e-02 1.977845620393408055e+01
1.156646689126278153e-02 1.919396853013656923e+01
1.173120907999826608e-02 1.870558174524747130e+01
1.189413246275166335e-02 1.830465808651372939e+01
1.205952810755559455e-02 1.798196359951191781e+01
1.223230938087317872e-02 1.772378566271208200e+01
1.241733903528649714e-02 1.751789554644857816e+01
1.261966818478402717e-02 1.735199572581898053e+01
1.284562133984038824e-02 1.721260890442628266e+01
1.310215081183161226e-02 1.709425407357307947e+01
1.339548989482050416e-02 1.700176501669831097e+01
1.372670993479561778e-02 1.695102740313351575e+01
1.408629200922960345e-02 1.695741890412295660e+01
1.445579664419942116e-02 1.702209298749192357e+01
1.481872610063947153e-02 1.713757116636020683e+01
1.516785136432365413e-02 1.729377494792352010e+01
1.550303914706866945e-02 1.747576633870263052e+01
1.582559629670458184e-02 1.766491279787160451e+01
1.613363486834906366e-02 1.784204615398725480e+01
1.642549820130692617e-02 1.799610611484282430e+01
1.670869340781483414e-02 1.813220275359624623e+01
1.698995789154504610e-02 1.825724895488905020e+01
1.726698360292779760e-02 1.836796649529873804e+01
1.753781462634076971e-02 1.846116347877209662e+01
1.780392703462584450e-02 1.853974231875498901e+01
1.806670482723514437e-02 1.860711366680865808e+01
1.832403143775947207e-02 1.866254735355609995e+01
1.856890079732898338e-02 1.870241720195999235e+01
1.879363150064358029e-02 1.872573579495337270e+01
1.899646516807692795e-02 1.873658812116149619e+01
1.918145873526033371e-02 1.874062482186588241e+01
1.935424411372275652e-02 1.874199006013832758e+01
1.952008659135132107e-02 1.874293824744560055e+01
1.968372076186067701e-02 1.874442279538585154e+01
1.984947096032500802e-02 1.874663766374349905e+01
2.002226692805063324e-02 1.874938077535751901e+01
2.020696349918143717e-02 1.875233531018362498e+01
2.040858373772658566e-02 1.875511126307683796e+01
2.063339953938879423e-02 1.875748914032002546e+01
2.088827767875081273e-02 1.875994471644797201e+01
2.117936818347968334e-02 1.876357631623993782e+01
2.150776232316928618e-02 1.876778179764047749e+01
2.186419099007916311e-02 1.876596675509395951e+01
2.223063693013944270e-02 1.875048273001129218e+01
2.259093728816053900e-02 1.872577456074446189e+01
2.293798891470763893e-02 1.870360526733817963e+01
2.327163853025717918e-02 1.868978778438377475e+01
2.359309451975821065e-02 1.868161125092070662e+01
2.390031891420373034e-02 1.867195308175828927e+01
2.419146841080339547e-02 1.865626028385393553e+01
2.447387814868136682e-02 1.863721923857729479e+01
2.475422245702869894e-02 1.861894462221342295e+01
2.503023972223314061e-02 1.860017203985201206e+01
2.530002793671917369e-02 1.857900170066141499e+01
2.556511967307824318e-02 1.855813664771249094e+01
2.582698806318504958e-02 1.854131863816891368e+01
2.608361198109726206e-02 1.852907119389026391e+01
2.632803154752027044e-02 1.851866055044469306e+01
2.655252919761861771e-02 1.850766079910292206e+01
2.675526607303637880e-02 1.849647725906502060e+01
2.694023607074534643e-02 1.848692897661111800e+01
2.711304050463883564e-02 1.848033339379689366e+01
2.727893311697872011e-02 1.847707405876402831e+01
2.744264427993567748e-02 1.847693665998225399e+01
2.760849584728184564e-02 1.847948448739569116e+01
2.778141434445647109e-02 1.848439933562123727e+01
2.796624966674501195e-02 1.849162037741643871e+01
2.816801729345779978e-02 1.850137494892604195e+01
2.839297782449604068e-02 1.851448634094868950e+01
2.864798614022130360e-02 1.853267673538067584e+01
2.893919489133020204e-02 1.855822564318446410e+01
2.926774591148534679e-02 1.859080524766905285e+01
2.962448621056064726e-02 1.862208650093274898e+01
2.999150866440162058e-02 1.864076896087774671e+01
3.035265901378408904e-02 1.864771355583976842e+01
3.070076262535596789e-02 1.865287462292546294e+01
3.103557284115362677e-02 1.866182617137495825e+01
3.135818762158509854e-02 1.867220000380023848e+01
