1.000000000000000000e+00 0.000000000000000000e+00 0.000000000000000000e+00 1.000000000000000056e-01
9.333333333333333481e-01 0.000000000000000000e+00 0.000000000000000000e+00 1.000000000000000056e-01
9.666148064127002559e-01 1.193060551575616499e-04 0.000000000000000000e+00 1.000000000000000056e-01
1.000000000000000000e+00 2.386121103151232997e-04 0.000000000000000000e+00 1.000000000000000056e-01
8.666666666666666963e-01 0.000000000000000000e+00 0.000000000000000000e+00 1.000000000000000056e-01
8.998860546102669389e-01 1.204658280654348989e-04 0.000000000000000000e+00 1.000000000000000056e-01
9.330104195742405793e-01 2.397719099247685407e-04 0.000000000000000000e+00 1.000000000000000056e-01
9.662906622910006904e-01 3.590779877016329565e-04 0.000000000000000000e+00 1.000000000000000056e-01
1.000000000000000000e+00 4.795438650881426405e-04 0.000000000000000000e+00 1.000000000000000056e-01
8.000000000000000444e-01 0.000000000000000000e+00 0.000000000000000000e+00 1.000000000000000056e-01
8.331179405969224572e-01 1.228328920964133616e-04 0.000000000000000000e+00 1.000000000000000056e-01
8.660165946114386504e-01 2.432987805212100563e-04 0.000000000000000000e+00 1.000000000000000056e-01
8.989096679525196976e-01 3.626049533170051841e-04 0.000000000000000000e+00 1.000000000000000056e-01
9.320284965243315067e-01 4.819111149143709481e-04 0.000000000000000000e+00 1.000000000000000056e-01
9.656290829922690166e-01 6.023770406760491948e-04 0.000000000000000000e+00 1.000000000000000056e-01
1.000000000000000000e+00 7.252102162639556407e-04 0.000000000000000000e+00 1.000000000000000056e-01
7.333333333333333925e-01 0.000000000000000000e+00 0.000000000000000000e+00 1.000000000000000056e-01
7.663177421324377514e-01 1.270442876620188647e-04 0.000000000000000000e+00 1.000000000000000056e-01
7.988730929369540767e-01 2.498772328899604290e-04 0.000000000000000000e+00 1.000000000000000056e-01
8.313317986000289261e-01 3.703432654638985047e-04 0.000000000000000000e+00 1.000000000000000056e-01
8.638922299004714311e-01 4.896496420697775409e-04 0.000000000000000000e+00 1.000000000000000056e-01
8.967679780572251902e-01 6.089560139165735297e-04 0.000000000000000000e+00 1.000000000000000056e-01
9.301972233892409347e-01 7.294221074516976829e-04 0.000000000000000000e+00 1.000000000000000056e-01
9.644520670448198940e-01 8.522553767783230642e-04 0.000000000000000000e+00 1.000000000000000056e-01
1.000000000000000000e+00 9.793005372926903793e-04 0.000000000000000000e+00 1.000000000000000056e-01
6.666666666666667407e-01 0.000000000000000000e+00 0.000000000000000000e+00 1.000000000000000056e-01
6.995254222499143193e-01 1.335213134650661577e-04 0.000000000000000000e+00 1.000000000000000056e-01
7.316716885467862141e-01 2.605654263880260524e-04 0.000000000000000000e+00 1.000000000000000056e-01
7.635132464042244660e-01 3.833983296082608960e-04 0.000000000000000000e+00 1.000000000000000056e-01
7.953837844654013667e-01 5.038645223487748289e-04 0.000000000000000000e+00 1.000000000000000056e-01
8.274764596791895910e-01 6.231712205139269432e-04 0.000000000000000000e+00 1.000000000000000056e-01
8.599931516670724641e-01 7.424779921553284479e-04 0.000000000000000000e+00 1.000000000000000056e-01
8.931567792241738024e-01 8.629444745263828518e-04 0.000000000000000000e+00 1.000000000000000056e-01
9.272228594505593779e-01 9.857780489819438063e-04 0.000000000000000000e+00 1.000000000000000056e-01
9.626421448877107157e-01 1.112823374349587550e-03 0.000000000000000000e+00 1.000000000000000056e-01
1.000000000000000000e+00 1.246346211406484505e-03 0.000000000000000000e+00 1.000000000000000056e-01
5.999999999999999778e-01 0.000000000000000000e+00 0.000000000000000000e+00 1.000000000000000056e-01
6.328253623489192847e-01 1.417859431135009630e-04 0.000000000000000000e+00 1.000000000000000056e-01
6.646642596338544484e-01 2.753064734989123436e-04 0.000000000000000000e+00 1.000000000000000056e-01
6.958492417802536467e-01 4.023496955538132013e-04 0.000000000000000000e+00 1.000000000000000056e-01
7.268217929277448475e-01 5.251820156995219918e-04 0.000000000000000000e+00 1.000000000000000056e-01
7.579346185106992095e-01 6.456480611721279869e-04 0.000000000000000000e+00 1.000000000000000056e-01
7.893909002957177901e-01 7.649550079582098259e-04 0.000000000000000000e+00 1.000000000000000056e-01
8.213923715475757170e-01 8.842623054748488922e-04 0.000000000000000000e+00 1.000000000000000056e-01
8.541543619606603022e-01 1.004729441920964011e-03 0.000000000000000000e+00 1.000000000000000056e-01
8.879198028404059473e-01 1.127563653908034104e-03 0.000000000000000000e+00 1.000000000000000056e-01
9.231232493944929729e-01 1.254609469582249667e-03 0.000000000000000000e+00 1.000000000000000056e-01
9.603336540207680905e-01 1.388132557577993363e-03 0.000000000000000000e+00 1.000000000000000056e-01
1.000000000000000000e+00 1.529918903749502221e-03 0.000000000000000000e+00 1.000000000000000056e-01
5.333333333333333259e-01 0.000000000000000000e+00 0.000000000000000000e+00 1.000000000000000056e-01
5.663177710010349752e-01 1.495195022780420506e-04 0.000000000000000000e+00 1.000000000000000056e-01
5.982367877791904265e-01 2.913043217636356345e-04 0.000000000000000000e+00 1.000000000000000056e-01
6.290731276633810820e-01 4.248228059072764527e-04 0.000000000000000000e+00 1.000000000000000056e-01
6.592381296760230214e-01 5.518638117118244762e-04 0.000000000000000000e+00 1.000000000000000056e-01
6.892250422909703689e-01 6.746943384605093904e-04 0.000000000000000000e+00 1.000000000000000056e-01
7.194236841404840765e-01 7.951592862501661836e-04 0.000000000000000000e+00 1.000000000000000056e-01
7.500653595271723484e-01 9.144658626136887517e-04 0.000000000000000000e+00 1.000000000000000056e-01
7.813681970208619099e-01 1.033773408543033371e-03 0.000000000000000000e+00 1.000000000000000056e-01
8.135537507955229453e-01 1.154241222805889701e-03 0.000000000000000000e+00 1.000000000000000056e-01
8.468626722775515203e-01 1.277076319612809995e-03 0.000000000000000000e+00 1.000000000000000056e-01
8.817192920464114181e-01 1.404122995613591839e-03 0.000000000000000000e+00 1.000000000000000056e-01
9.186787368509932161e-01 1.537646712207064960e-03 0.000000000000000000e+00 1.000000000000000056e-01
9.581751610644742012e-01 1.679433339934238018e-03 0.000000000000000000e+00 1.000000000000000056e-01
1.000000000000000000e+00 1.828947776118973597e-03 0.000000000000000000e+00 1.000000000000000056e-01
4.666666666666666741e-01 0.000000000000000000e+00 0.000000000000000000e+00 1.000000000000000056e-01
5.000000000000952571e-01 1.528241860076524222e-04 0.000000000000000000e+00 1.000000000000000056e-01
5.326104153385635698e-01 3.023434263802068055e-04 0.000000000000000000e+00 1.000000000000000056e-01
5.638638732678082910e-01 4.441268569382849632e-04 0.000000000000000000e+00 1.000000000000000056e-01
5.938466949415944773e-01 5.776427017420659961e-04 0.000000000000000000e+00 1.000000000000000056e-01
6.230539640985074401e-01 7.046804841186271942e-04 0.000000000000000000e+00 1.000000000000000056e-01
6.520406132579812386e-01 8.275079496762808694e-04 0.000000000000000000e+00 1.000000000000000056e-01
6.812458878081879554e-01 9.479704920498087948e-04 0.000000000000000000e+00 1.000000000000000056e-01
7.109441422946566336e-01 1.067275535551921728e-03 0.000000000000000000e+00 1.000000000000000056e-01
7.413866120510912427e-01 1.186582437962365203e-03 0.000000000000000000e+00 1.000000000000000056e-01
7.728181253141090945e-01 1.307050366522416072e-03 0.000000000000000000e+00 1.000000000000000056e-01
8.054929424484195133e-01 1.429886108065968504e-03 0.000000000000000000e+00 1.000000000000000056e-01
8.398378812938092075e-01 1.556933671560841370e-03 0.000000000000000000e+00 1.000000000000000056e-01
8.764036551361729099e-01 1.690458205394047408e-03 0.000000000000000000e+00 1.000000000000000056e-01
9.156161674482876656e-01 1.832245327622838505e-03 0.000000000000000000e+00 1.000000000000000056e-01
9.572542277851157078e-01 1.981759899333151390e-03 0.000000000000000000e+00 1.000000000000000056e-01
1.000000000000000000e+00 2.134572022547329400e-03 0.000000000000000000e+00 1.000000000000000056e-01
4.000000000000000222e-01 0.000000000000000000e+00 0.000000000000000000e+00 1.000000000000000056e-01
4.336822290336664332e-01 1.495195021028405903e-04 0.000000000000000000e+00 1.000000000000000056e-01
4.673895846997428438e-01 3.023434262051165030e-04 0.000000000000000000e+00 1.000000000000000056e-01
5.000000000381754628e-01 4.518626665776709133e-04 0.000000000000000000e+00 1.000000000000000056e-01
5.309187045499577096e-01 5.936455671318132581e-04 0.000000000000000000e+00 1.000000000000000056e-01
5.603129353677022140e-01 7.271596825631749346e-04 0.000000000000000000e+00 1.000000000000000056e-01
5.887539301666002700e-01 8.541947339857097364e-04 0.000000000000000000e+00 1.000000000000000056e-01
6.168573650889378479e-01 9.770190793952639955e-04 0.000000000000000000e+00 1.000000000000000056e-01
6.451142086580947677e-01 1.097478695888695881e-03 0.000000000000000000e+00 1.000000000000000056e-01
6.738476652207079365e-01 1.216781398860466035e-03 0.000000000000000000e+00 1.000000000000000056e-01
7.033519729866660741e-01 1.336086749969270064e-03 0.000000000000000000e+00 1.000000000000000056e-01
7.339085556545019706e-01 1.456553941841058023e-03 0.000000000000000000e+00 1.000000000000000056e-01
7.658009350982878383e-01 1.579389640002199727e-03 0.000000000000000000e+00 1.000000000000000056e-01
7.994742336659022008e-01 1.706437619030371985e-03 0.000000000000000000e+00 1.000000000000000056e-01
8.354896607855543111e-01 1.839962700793776416e-03 0.000000000000000000e+00 1.000000000000000056e-01
8.742786627450702674e-01 1.981750166794308404e-03 0.000000000000000000e+00 1.000000000000000056e-01
9.156188703688687980e-01 2.131264738045781509e-03 0.000000000000000000e+00 1.000000000000000056e-01
9.581778793846186248e-01 2.284076725348593590e-03 0.000000000000000000e+00 1.000000000000000056e-01
1.000000000000000000e+00 2.433581428149858214e-03 0.000000000000000000e+00 1.000000000000000056e-01
3.333333333333333703e-01 0.000000000000000000e+00 0.000000000000000000e+00 1.000000000000000056e-01
3.671746425838298689e-01 1.417859178582642318e-04 0.000000000000000000e+00 1.000000000000000056e-01
4.017632179330116182e-01 2.913042963770343390e-04 0.000000000000000000e+00 1.000000000000000056e-01
4.361361323667214407e-01 4.441268315543734648e-04 0.000000000000000000e+00 1.000000000000000056e-01
4.690813010381816306e-01 5.936455419216662456e-04 0.000000000000000000e+00 1.000000000000000056e-01
5.000000055218807304e-01 7.354284424758085904e-04 0.000000000000000000e+00 1.000000000000000056e-01
5.291112441838049518e-01 8.689421037263913433e-04 0.000000000000000000e+00 1.000000000000000056e-01
5.570469229420262902e-01 9.959758402394150098e-04 0.000000000000000000e+00 1.000000000000000056e-01
5.844747680403697965e-01 1.118798197593265809e-03 0.000000000000000000e+00 1.000000000000000056e-01
6.119315969608364325e-01 1.239255561224288267e-03 0.000000000000000000e+00 1.000000000000000056e-01
6.397861345385746912e-01 1.358556132169707600e-03 0.000000000000000000e+00 1.000000000000000056e-01
6.683762839431969249e-01 1.477859768791314234e-03 0.000000000000000000e+00 1.000000000000000056e-01
6.980249962975562106e-01 1.598325823126569342e-03 0.000000000000000000e+00 1.000000000000000056e-01
7.290542694558775905e-01 1.721160973064952190e-03 0.000000000000000000e+00 1.000000000000000056e-01
7.619399938919239057e-01 1.848208874653706722e-03 0.000000000000000000e+00 1.000000000000000056e-01
7.972686127271559897e-01 1.981734090629254288e-03 0.000000000000000000e+00 1.000000000000000056e-01
8.354940318043458936e-01 2.123521556084044439e-03 0.000000000000000000e+00 1.000000000000000056e-01
8.764107635469083890e-01 2.273035782436234366e-03 0.000000000000000000e+00 1.000000000000000056e-01
9.186859082561616985e-01 2.425847274605605688e-03 0.000000000000000000e+00 1.000000000000000056e-01
9.603381452869806933e-01 2.575351695700909237e-03 0.000000000000000000e+00 1.000000000000000056e-01
1.000000000000000000e+00 2.717121963251960259e-03 0.000000000000000000e+00 1.000000000000000056e-01
2.666666666666667185e-01 0.000000000000000000e+00 0.000000000000000000e+00 1.000000000000000056e-01
3.004748613701678783e-01 1.335197988524977359e-04 0.000000000000000000e+00 1.000000000000000056e-01
3.353361014743564406e-01 2.753049366050194314e-04 0.000000000000000000e+00 1.000000000000000056e-01
3.709272311964192936e-01 4.248212695060263051e-04 0.000000000000000000e+00 1.000000000000000056e-01
4.061536537868584706e-01 5.776411652703904121e-04 0.000000000000000000e+00 1.000000000000000056e-01
4.396874052676374434e-01 7.271581461392029452e-04 0.000000000000000000e+00 1.000000000000000056e-01
4.708890971720763319e-01 8.689405924382577516e-04 0.000000000000000000e+00 1.000000000000000056e-01
5.000003343034097325e-01 1.002454253688840830e-03 0.000000000000000000e+00 1.000000000000000056e-01
5.276956784855550975e-01 1.129487703322544501e-03 0.000000000000000000e+00 1.000000000000000056e-01
5.546831894907919835e-01 1.252309261319096631e-03 0.000000000000000000e+00 1.000000000000000056e-01
5.815360834366107845e-01 1.372765430210371850e-03 0.000000000000000000e+00 1.000000000000000056e-01
6.086604058231814829e-01 1.492064646211040168e-03 0.000000000000000000e+00 1.000000000000000056e-01
6.364321405573407642e-01 1.611367026108185543e-03 0.000000000000000000e+00 1.000000000000000056e-01
6.652133861401466897e-01 1.731832121461207834e-03 0.000000000000000000e+00 1.000000000000000056e-01
6.953661802332761210e-01 1.854666703153305370e-03 0.000000000000000000e+00 1.000000000000000056e-01
7.274029470713824219e-01 1.981714409070952764e-03 0.000000000000000000e+00 1.000000000000000056e-01
7.619451486149038111e-01 2.115239625174315623e-03 0.000000000000000000e+00 1.000000000000000056e-01
7.994838030029185472e-01 2.257026955820674429e-03 0.000000000000000000e+00 1.000000000000000056e-01
8.398502692811891102e-01 2.406540633259830406e-03 0.000000000000000000e+00 1.000000000000000056e-01
8.817318376695292281e-01 2.559351307522470670e-03 0.000000000000000000e+00 1.000000000000000056e-01
9.231331921335362845e-01 2.708855099843050090e-03 0.000000000000000000e+00 1.000000000000000056e-01
9.626476443138946015e-01 2.850625116450978928e-03 0.000000000000000000e+00 1.000000000000000056e-01
1.000000000000000000e+00 2.984128269649998031e-03 0.000000000000000000e+00 1.000000000000000056e-01
1.999999999999999556e-01 0.000000000000000000e+00 0.000000000000000000e+00 1.000000000000000056e-01
2.336888963900940475e-01 1.270047602230271408e-04 0.000000000000000000e+00 1.000000000000000056e-01
2.683381053042135367e-01 2.605244379023147661e-04 0.000000000000000000e+00 1.000000000000000056e-01
3.041608752013998385e-01 4.023087110692110378e-04 0.000000000000000000e+00 1.000000000000000056e-01
3.407717310752183537e-01 5.518228316192994552e-04 0.000000000000000000e+00 1.000000000000000056e-01
3.769555774371247114e-01 7.046395013109817270e-04 0.000000000000000000e+00 1.000000000000000056e-01
4.112553365924732085e-01 8.541537477750746820e-04 0.000000000000000000e+00 1.000000000000000056e-01
4.429621518681612913e-01 9.959348763227860064e-04 0.000000000000000000e+00 1.000000000000000056e-01
4.723136120465186161e-01 1.129448249053670609e-03 0.000000000000000000e+00 1.000000000000000056e-01
5.000089185048294249e-01 1.256481698687647933e-03 0.000000000000000000e+00 1.000000000000000056e-01
5.267842203543894319e-01 1.379303099932571242e-03 0.000000000000000000e+00 1.000000000000000056e-01
5.532389695334981594e-01 1.499758839512621003e-03 0.000000000000000000e+00 1.000000000000000056e-01
5.798068946039603988e-01 1.619057419602356685e-03 0.000000000000000000e+00 1.000000000000000056e-01
6.068938215029540117e-01 1.738359119340003459e-03 0.000000000000000000e+00 1.000000000000000056e-01
6.348945192663063564e-01 1.858823665569883828e-03 0.000000000000000000e+00 1.000000000000000056e-01
6.642071480124456251e-01 1.981657950097557436e-03 0.000000000000000000e+00 1.000000000000000056e-01
6.953802312345749304e-01 2.108705659003606674e-03 0.000000000000000000e+00 1.000000000000000056e-01
7.290737507910529658e-01 2.242231072948399403e-03 0.000000000000000000e+00 1.000000000000000056e-01
7.658251447889534713e-01 2.384018481227161319e-03 0.000000000000000000e+00 1.000000000000000056e-01
8.055203038300703389e-01 2.533531741928885406e-03 0.000000000000000000e+00 1.000000000000000056e-01
8.468905012807651511e-01 2.686341527200378481e-03 0.000000000000000000e+00 1.000000000000000056e-01
8.879452696776627407e-01 2.835844458040987642e-03 0.000000000000000000e+00 1.000000000000000056e-01
9.272440414502427508e-01 2.977613983430002845e-03 0.000000000000000000e+00 1.000000000000000056e-01
9.644678434768969577e-01 3.111116970996631332e-03 0.000000000000000000e+00 1.000000000000000056e-01
1.000000000000000000e+00 3.238105672343264633e-03 0.000000000000000000e+00 1.000000000000000056e-01
1.333333333333333037e-01 0.000000000000000000e+00 0.000000000000000000e+00 1.000000000000000056e-01
1.669430716517465163e-01 1.223787446483996094e-04 0.000000000000000000e+00 1.000000000000000056e-01
2.012388102705101878e-01 2.493838230902540427e-04 0.000000000000000000e+00 1.000000000000000056e-01
2.366124547973365022e-01 3.829037389369065940e-04 0.000000000000000000e+00 1.000000000000000056e-01
2.733039326295538807e-01 5.246875645237344260e-04 0.000000000000000000e+00 1.000000000000000056e-01
3.108972680211403716e-01 6.741999105306819944e-04 0.000000000000000000e+00 1.000000000000000056e-01
3.480776450999026883e-01 8.270134940769854111e-04 0.000000000000000000e+00 1.000000000000000056e-01
3.832571219787546113e-01 9.765245844765565531e-04 0.000000000000000000e+00 1.000000000000000056e-01
4.156366801146041956e-01 1.118303688897266668e-03 0.000000000000000000e+00 1.000000000000000056e-01
4.454264356607156583e-01 1.251816233403985588e-03 0.000000000000000000e+00 1.000000000000000056e-01
4.733327554339118448e-01 1.378849509022148784e-03 0.000000000000000000e+00 1.000000000000000056e-01
5.001076146301051129e-01 1.501670910302710903e-03 0.000000000000000000e+00 1.000000000000000056e-01
5.263665916141900825e-01 1.622126585392351990e-03 0.000000000000000000e+00 1.000000000000000056e-01
5.525613298725672307e-01 1.741424980377689283e-03 0.000000000000000000e+00 1.000000000000000056e-01
5.791184711201579072e-01 1.860726442089784532e-03 0.000000000000000000e+00 1.000000000000000056e-01
6.064571416819233285e-01 1.981190826875495452e-03 0.000000000000000000e+00 1.000000000000000056e-01
6.350044905954338459e-01 2.104025149786798235e-03 0.000000000000000000e+00 1.000000000000000056e-01
6.653401823136966264e-01 2.231073191428329001e-03 0.000000000000000000e+00 1.000000000000000056e-01
6.981604978529302175e-01 2.364599195686424744e-03 0.000000000000000000e+00 1.000000000000000056e-01
7.340521780492730297e-01 2.506387161874489618e-03 0.000000000000000000e+00 1.000000000000000056e-01
7.729681495092269872e-01 2.655900464877477326e-03 0.000000000000000000e+00 1.000000000000000056e-01
8.137070298860222817e-01 2.808709597734531521e-03 0.000000000000000000e+00 1.000000000000000056e-01
8.543073869986586022e-01 2.958211633179207503e-03 0.000000000000000000e+00 1.000000000000000056e-01
8.933069589437524494e-01 3.099980509608453970e-03 0.000000000000000000e+00 1.000000000000000056e-01
9.303429236861544549e-01 3.233483181222193605e-03 0.000000000000000000e+00 1.000000000000000056e-01
9.657596095911636924e-01 3.360471780387641518e-03 0.000000000000000000e+00 1.000000000000000056e-01
1.000000000000000000e+00 3.482837888432018403e-03 0.000000000000000000e+00 1.000000000000000056e-01
6.666666666666665186e-02 0.000000000000000000e+00 0.000000000000000000e+00 1.000000000000000056e-01
1.003107651991783922e-01 1.181956770576679489e-04 0.000000000000000000e+00 1.000000000000000056e-01
1.344914265988398916e-01 2.405746243916822018e-04 0.000000000000000000e+00 1.000000000000000056e-01
1.693412267041901065e-01 3.675805538509517557e-04 0.000000000000000000e+00 1.000000000000000056e-01
2.053363466686277672e-01 5.011014890040287832e-04 0.000000000000000000e+00 1.000000000000000056e-01
2.427837849734913733e-01 6.428856886041625640e-04 0.000000000000000000e+00 1.000000000000000056e-01
2.812771282585404542e-01 7.923970591031913313e-04 0.000000000000000000e+00 1.000000000000000056e-01
3.194326749736413062e-01 9.452081604501547975e-04 0.000000000000000000e+00 1.000000000000000056e-01
3.555420729057743312e-01 1.094716178024997223e-03 0.000000000000000000e+00 1.000000000000000056e-01
3.887051091638260569e-01 1.236492857118885258e-03 0.000000000000000000e+00 1.000000000000000056e-01
4.190854076685659457e-01 1.370004040188922256e-03 0.000000000000000000e+00 1.000000000000000056e-01
4.473801092472934893e-01 1.497036753654926644e-03 0.000000000000000000e+00 1.000000000000000056e-01
4.743448300215286073e-01 1.619858004386855958e-03 0.000000000000000000e+00 1.000000000000000056e-01
5.006012563089031753e-01 1.740313680476300801e-03 0.000000000000000000e+00 1.000000000000000056e-01
5.266093215788951731e-01 1.859612110424534387e-03 0.000000000000000000e+00 1.000000000000000056e-01
5.528073405619252645e-01 1.978913635738121981e-03 0.000000000000000000e+00 1.000000000000000056e-01
5.796297763770543732e-01 2.099378190720302233e-03 0.000000000000000000e+00 1.000000000000000056e-01
6.075238953466093328e-01 2.222212899071402716e-03 0.000000000000000000e+00 1.000000000000000056e-01
6.370925351640912560e-01 2.349261664599087193e-03 0.000000000000000000e+00 1.000000000000000056e-01
6.690613950126406140e-01 2.482788761692535096e-03 0.000000000000000000e+00 1.000000000000000056e-01
7.040627660977828439e-01 2.624577945404135519e-03 0.000000000000000000e+00 1.000000000000000056e-01
7.421215267707950147e-01 2.774092010512726678e-03 0.000000000000000000e+00 1.000000000000000056e-01
7.821223424517291800e-01 2.926901014552796450e-03 0.000000000000000000e+00 1.000000000000000056e-01
8.221589981880237374e-01 3.076402334006539223e-03 0.000000000000000000e+00 1.000000000000000056e-01
8.607661368060284257e-01 3.218170505524886073e-03 0.000000000000000000e+00 1.000000000000000056e-01
8.975427633876903455e-01 3.351672733919229628e-03 0.000000000000000000e+00 1.000000000000000056e-01
9.327923050101454283e-01 3.478661115466939908e-03 0.000000000000000000e+00 1.000000000000000056e-01
9.669269356703201757e-01 3.601027141220232257e-03 0.000000000000000000e+00 1.000000000000000056e-01
1.000000000000000000e+00 3.719216394008445677e-03 0.000000000000000000e+00 1.000000000000000056e-01
0.000000000000000000e+00 0.000000000000000000e+00 0.000000000000000000e+00 1.000000000000000056e-01
3.353162131657930201e-02 1.143488539653628031e-04 0.000000000000000000e+00 1.000000000000000056e-01
6.777212281083862255e-02 2.325436449605432915e-04 0.000000000000000000e+00 1.000000000000000056e-01
1.025734532068443144e-01 3.549218493934731041e-04 0.000000000000000000e+00 1.000000000000000056e-01
1.379918845940948102e-01 4.819284814971321615e-04 0.000000000000000000e+00 1.000000000000000056e-01
1.745510852724644624e-01 6.154512939770319943e-04 0.000000000000000000e+00 1.000000000000000056e-01
2.126495475087855358e-01 7.572371544055704834e-04 0.000000000000000000e+00 1.000000000000000056e-01
2.519362546256170288e-01 9.067487288760727512e-04 0.000000000000000000e+00 1.000000000000000056e-01
2.910000186438845282e-01 1.059558283672408854e-03 0.000000000000000000e+00 1.000000000000000056e-01
3.280343868735539625e-01 1.209063722633788333e-03 0.000000000000000000e+00 1.000000000000000056e-01
3.620373049275210642e-01 1.350837940351579721e-03 0.000000000000000000e+00 1.000000000000000056e-01
3.931128363048185803e-01 1.484347405182010566e-03 0.000000000000000000e+00 1.000000000000000056e-01
4.219348001732902143e-01 1.611379139488921088e-03 0.000000000000000000e+00 1.000000000000000056e-01
4.492510094998214965e-01 1.734199915826847588e-03 0.000000000000000000e+00 1.000000000000000056e-01
4.756796761690978426e-01 1.854655416053063288e-03 0.000000000000000000e+00 1.000000000000000056e-01
5.016798765591720111e-01 1.973953852596343865e-03 0.000000000000000000e+00 1.000000000000000056e-01
5.276928701860744697e-01 2.093255529929654874e-03 0.000000000000000000e+00 1.000000000000000056e-01
5.541596354901294763e-01 2.213720426303206895e-03 0.000000000000000000e+00 1.000000000000000056e-01
5.815383206731240540e-01 2.336555761137170794e-03 0.000000000000000000e+00 1.000000000000000056e-01
6.104457053383554044e-01 2.463605582658559209e-03 0.000000000000000000e+00 1.000000000000000056e-01
6.416272730096524990e-01 2.597134265268457448e-03 0.000000000000000000e+00 1.000000000000000056e-01
6.757519318020502874e-01 2.738925393267970833e-03 0.000000000000000000e+00 1.000000000000000056e-01
7.129135784122123676e-01 2.888441118526528274e-03 0.000000000000000000e+00 1.000000000000000056e-01
7.520940369401413195e-01 3.041250777439989238e-03 0.000000000000000000e+00 1.000000000000000056e-01
7.914664069647421307e-01 3.190751798803534954e-03 0.000000000000000000e+00 1.000000000000000056e-01
8.295849326579056715e-01 3.332519356350578752e-03 0.000000000000000000e+00 1.000000000000000056e-01
8.660218578851143212e-01 3.466021076125332286e-03 0.000000000000000000e+00 1.000000000000000056e-01
9.010419747185038908e-01 3.593009135772821678e-03 0.000000000000000000e+00 1.000000000000000056e-01
9.350249586695770221e-01 3.715374984594677511e-03 0.000000000000000000e+00 1.000000000000000056e-01
9.680006313006287444e-01 3.833564169478539084e-03 0.000000000000000000e+00 1.000000000000000056e-01
1.000000000000000000e+00 3.947911944948632491e-03 0.000000000000000000e+00 1.000000000000000056e-01
