0.000000000000000000e+00 1.000000000000000056e-01
1.709856996373171193e-04 1.000000000000000056e-01
3.458277485138049143e-04 1.000000000000000056e-01
5.255508974021410500e-04 1.000000000000000056e-01
7.098780721175268439e-04 1.000000000000000056e-01
8.993475473353908711e-04 1.000000000000000056e-01
1.095531425823642255e-03 1.000000000202239669e-01
1.300230812671981668e-03 1.000000213097101964e-01
1.514523725676150288e-03 1.000002565044671443e-01
1.737669901487479129e-03 1.000012364818386318e-01
1.966299995317508445e-03 1.000038989534106915e-01
2.194933039938835699e-03 1.000094893980135319e-01
2.418087777114090280e-03 1.000192909416644793e-01
2.632394786448832413e-03 1.000343981413176070e-01
2.837115589616579815e-03 1.000557111012577993e-01
3.033337932254924398e-03 1.000840795303649666e-01
3.222929798270075287e-03 1.001204445883116106e-01
3.407820057792371789e-03 1.001659098086538358e-01
3.589642593495986390e-03 1.002217449301896213e-01
3.769620920621529966e-03 1.002893478251020154e-01
3.948584558470405112e-03 1.003701888245413093e-01
4.127589999785318854e-03 1.004660703817680939e-01
4.307694580599856320e-03 1.005791266576470389e-01
4.489730091996365323e-03 1.007117112121064945e-01
4.674924576429621489e-03 1.008668909421980564e-01
4.864920076991100135e-03 1.010487560497970450e-01
5.061658671572310045e-03 1.012626547137283894e-01
5.267027342753994971e-03 1.015150889922986216e-01
5.482137174481907863e-03 1.018127946795695099e-01
5.706271505642183245e-03 1.021605065396423151e-01
5.936070617884126564e-03 1.025578115664633055e-01
6.166041971504880592e-03 1.029974699658308956e-01
6.390675738275753207e-03 1.034678047937514361e-01
6.606571377476997894e-03 1.039577873452941087e-01
6.812968672455771597e-03 1.044605698454539044e-01
7.010940350055155229e-03 1.049737836802824426e-01
7.202292586290594094e-03 1.054979181232608976e-01
7.388604539799771727e-03 1.060339381691535326e-01
7.570412439737688425e-03 1.065805357738994624e-01
7.747426574624179801e-03 1.071341383925792229e-01
7.920674422217922894e-03 1.076955029756691412e-01
8.094058183001743428e-03 1.082756747290251759e-01
8.271491536278510054e-03 1.088872871536715886e-01
8.454022585776922033e-03 1.095340659177667653e-01
8.641377292528135828e-03 1.102150744071342253e-01
8.834107892123386346e-03 1.109321803066762591e-01
9.033818517089505645e-03 1.116912331411261811e-01
9.242348993977540089e-03 1.124992160662756785e-01
9.460801795165138181e-03 1.133603731965860117e-01
9.688417925158255076e-03 1.142713327896588554e-01
9.921740253857478514e-03 1.152170847718328173e-01
1.015513530230149029e-02 1.161725750554904735e-01
1.038295357927829579e-02 1.171116598690195021e-01
1.060170002419554697e-02 1.180167641444622717e-01
1.081057461807999852e-02 1.188818289697490954e-01
1.101065178852921739e-02 1.197091829424485054e-01
1.120380802114206986e-02 1.205050039213818175e-01
1.139198280408171976e-02 1.212760461629323605e-01
1.157681260199712285e-02 1.220279471015635886e-01
1.175951224962686753e-02 1.227646318335462866e-01
1.194089208103236120e-02 1.234883387361653262e-01
1.212198724742452952e-02 1.242020697073094454e-01
1.230382618647043839e-02 1.249085548869158374e-01
1.248720131300090977e-02 1.256093465127504916e-01
1.267329433810323279e-02 1.263072024813595429e-01
1.286368760130305634e-02 1.270059607812655256e-01
1.306024256691280978e-02 1.277099134120446844e-01
1.326473966151056269e-02 1.284223933279466656e-01
1.347816304793910368e-02 1.291433564165648806e-01
1.369967670668890622e-02 1.298664199071364322e-01
1.392586187530207159e-02 1.305774824427818892e-01
1.415127459067592845e-02 1.312579654543075958e-01
1.437055237805173226e-02 1.318921629419241570e-01
1.458047394245771261e-02 1.324728884510310012e-01
1.478042433442060960e-02 1.330013986278122673e-01
1.497156360559841193e-02 1.334837259896480555e-01
1.515573831371312512e-02 1.339269977412690105e-01
1.533455118118263148e-02 1.343369384404229927e-01
1.550858609028345214e-02 1.347164568769803339e-01
1.567762895769320500e-02 1.350667803102775233e-01
1.584271704201803757e-02 1.353917455268625891e-01
1.600760722943909628e-02 1.356995838110589825e-01
1.617603943938492050e-02 1.359967462922236636e-01
1.634901795079560585e-02 1.362836888115355749e-01
1.652629488195990481e-02 1.365587706376043542e-01
1.670840753744322685e-02 1.368218222144676477e-01
1.689688704964963095e-02 1.370739034011463908e-01
1.709348765568931977e-02 1.373158477002316691e-01
1.729927492941834774e-02 1.375472793937237426e-01
1.751357445526645351e-02 1.377660774318024695e-01
1.773318762771111320e-02 1.379685596556838312e-01
1.795287609045787686e-02 1.381508453648529477e-01
1.816738038588123702e-02 1.383107659276454626e-01
1.837345266833412608e-02 1.384487361266127370e-01
1.857036677432439067e-02 1.385671076892707465e-01
1.875915276251376509e-02 1.386689916789931309e-01
1.894159325633237509e-02 1.387574106891638626e-01
1.911953044606715113e-02 1.388349199603287620e-01
1.929452192841648109e-02 1.389035272199881932e-01
1.946772830752083530e-02 1.389647469950469338e-01
1.963992828028093829e-02 1.390196932584137346e-01
1.981211573859520750e-02 1.390692853722069189e-01
1.998528177149890700e-02 1.391141521591087171e-01
2.016019657893299011e-02 1.391546555828030440e-01
2.033800609856947078e-02 1.391911255231004507e-01
2.052024682898508784e-02 1.392238901378466676e-01
2.070873396131553759e-02 1.392533112219000724e-01
2.090521945163493003e-02 1.392798180974229028e-01
2.111070418492173167e-02 1.393039095581817821e-01
2.132444224023695434e-02 1.393260812101561053e-01
2.154318161677631557e-02 1.393466823634967322e-01
2.176167220741593439e-02 1.393658016978507053e-01
2.197468966577476035e-02 1.393833038442059136e-01
2.217904773016077594e-02 1.393990433461425038e-01
2.237408153024833535e-02 1.394130327217702470e-01
2.256086312170884484e-02 1.394254063723622261e-01
2.274115004260843925e-02 1.394362907801373619e-01
2.291647522203732815e-02 1.394457253505471672e-01
2.308738078326292090e-02 1.394537330656854535e-01
2.325362665845594548e-02 1.394604919916329067e-01
2.341620492584693333e-02 1.394663596562053798e-01
2.357879755985029663e-02 1.394716122957495863e-01
2.374508977680289679e-02 1.394761586834686040e-01
2.391607954122818361e-02 1.394796448395245747e-01
2.409152780618456502e-02 1.394818370178329547e-01
2.427196908531189037e-02 1.394827408638394106e-01
2.445892298125332959e-02 1.394824505224285249e-01
2.465413511012139181e-02 1.394810698897167578e-01
2.485867269206740865e-02 1.394788012838097946e-01
2.507187476455692565e-02 1.394760558807517647e-01
2.529056134346880161e-02 1.394734131894037887e-01
2.550950383241139610e-02 1.394713940007776265e-01
2.572343295299355306e-02 1.394702157881743954e-01
2.592907459406508519e-02 1.394697517768534734e-01
2.612567176961200568e-02 1.394697071159163582e-01
2.631422809709209679e-02 1.394698272039741616e-01
2.649650666201993840e-02 1.394699957248985711e-01
2.667433590968082413e-02 1.394702238302708286e-01
2.684926350450086985e-02 1.394705928638294012e-01
2.702244227022190803e-02 1.394711943771224649e-01
2.719464419985159059e-02 1.394720811978470143e-01
2.736685698450682866e-02 1.394732111924299467e-01
2.754006599958414708e-02 1.394744069174451429e-01
2.771503594053541242e-02 1.394753984546903969e-01
2.789290721124704567e-02 1.394758972714312262e-01
2.807521069656973914e-02 1.394756476780634469e-01
2.826375599519186446e-02 1.394744955511589835e-01
2.846028988949176469e-02 1.394724704387480252e-01
2.866580935365013044e-02 1.394698491811909302e-01
2.887956691447700341e-02 1.394671380473104516e-01
2.909831167716282405e-02 1.394649215650611562e-01
2.931679581899176296e-02 1.394636210189574566e-01
2.952979660844453833e-02 1.394633311575876056e-01
2.973412852537784742e-02 1.394638765288157278e-01
2.992912799210534561e-02 1.394650010408651220e-01
3.011586994976145001e-02 1.394664821909187002e-01
3.029611582298830791e-02 1.394681125148862499e-01
3.047140216199799301e-02 1.394696717159052413e-01
3.064227343310974710e-02 1.394710085688363188e-01
3.080849013423317753e-02 1.394721727546230083e-01
3.097104325866282398e-02 1.394733656219354356e-01
3.113361316048781149e-02 1.394746747831429046e-01
3.129988476518814206e-02 1.394758859901442660e-01
3.147085751487326000e-02 1.394766146133746554e-01
3.164629350166424382e-02 1.394766153199425152e-01
3.182672606391868941e-02 1.394758634426243871e-01
3.201367162545950412e-02 1.394744153348200788e-01
3.220887253157730945e-02 1.394723423249988603e-01
3.241339469715501242e-02 1.394698170758937039e-01
3.262657884021836346e-02 1.394672108296377555e-01
3.284524853877455325e-02 1.394650369062090389e-01
3.306417753619562278e-02 1.394637200955728962e-01
3.327809552094421197e-02 1.394633711431426948e-01
3.348372544575251714e-02 1.394637736621180957e-01
3.368030842723360868e-02 1.394645741144893147e-01
3.386884836695099738e-02 1.394654865136786825e-01
3.405111014534193542e-02 1.394663803479550268e-01
3.422892444447480503e-02 1.394672613362546720e-01
3.440384086382203971e-02 1.394682093158783609e-01
3.457701350946129626e-02 1.394693161395674508e-01
3.474921492634082398e-02 1.394706361189531618e-01
3.492143261040141916e-02 1.394721307675342026e-01
3.509465123925505081e-02 1.394736270804365907e-01
3.526963436443260325e-02 1.394748597471574814e-01
3.544752063636483902e-02 1.394755457572161850e-01
3.562983865685003665e-02 1.394754353507036138e-01
3.581839553059977532e-02 1.394743805191088204e-01
3.601493598665816975e-02 1.394724172751137803e-01
3.622045636629798310e-02 1.394698297708604484e-01
3.643421080724305178e-02 1.394671328181974479e-01
3.665295165584033649e-02 1.394649200376425202e-01
3.687143330271099723e-02 1.394636200231037237e-01
3.708443205484607957e-02 1.394633305798126388e-01
3.728875958693861348e-02 1.394638765235008682e-01
3.748375070955927563e-02 1.394650017721159319e-01
3.767048128198337287e-02 1.394664837564446036e-01
3.785071538705615107e-02 1.394681148684496497e-01
3.802599238971865470e-02 1.394696746324270986e-01
3.819685842916788199e-02 1.394710116372256115e-01
3.836307397771465677e-02 1.394721754512185385e-01
3.852562872092255702e-02 1.394733674971910531e-01
3.868820169434311618e-02 1.394746756317736258e-01
3.885447781685435337e-02 1.394758859180769694e-01
3.902545784771281612e-02 1.394766139507496450e-01
3.920090469930798127e-02 1.394766143708129069e-01
3.938135035578221865e-02 1.394758623027969602e-01
3.956830800410523347e-02 1.394744139312536213e-01
3.976351665412297676e-02 1.394723405984261144e-01
3.996804076260403876e-02 1.394698151435071476e-01
4.018122246964590111e-02 1.394672089711737895e-01
4.039988862414723575e-02 1.394650353962574030e-01
4.061881513920553161e-02 1.394637191110527918e-01
4.083273074138133590e-02 1.394633708471793576e-01
4.103835573474100273e-02 1.394637742776138334e-01
4.123492971654179468e-02 1.394645758358128707e-01
4.142345723099367938e-02 1.394654893373098725e-01
4.160570524460812519e-02 1.394663839728323418e-01
4.178350689651955802e-02 1.394672651989257994e-01
4.195841388455997384e-02 1.394682127371029978e-01
4.213158171947060243e-02 1.394693185167691640e-01
4.230378359218019829e-02 1.394706370953594232e-01
4.247600687973827199e-02 1.394721303207098750e-01
4.264923562252744688e-02 1.394736255029976335e-01
4.282423227634677559e-02 1.394748575214682651e-01
4.300213377795221448e-02 1.394755433742346229e-01
4.318446647804866090e-02 1.394754331544231230e-01
4.337303501222269236e-02 1.394743786344168901e-01
4.356958207468080574e-02 1.394724156433089779e-01
4.377510338671834755e-02 1.394698282701107850e-01
4.398885470591896302e-02 1.394671313971856397e-01
4.420759162800366043e-02 1.394649187648861199e-01
4.442607076672627081e-02 1.394636190300373446e-01
4.463906747575419054e-02 1.394633300042800172e-01
4.484339062626210154e-02 1.394638765193876584e-01
4.503837341306188985e-02 1.394650025033384866e-01
4.522509260845754969e-02 1.394664853209585109e-01
4.540531495047491622e-02 1.394681172206060360e-01
4.558058261875271716e-02 1.394696775478313500e-01
4.575144342748840853e-02 1.394710147052669602e-01
4.591765782558049347e-02 1.394721781482838874e-01
4.608021419130560459e-02 1.394733693733674618e-01
4.624279024033665919e-02 1.394746764811911621e-01
4.640907088290238680e-02 1.394758858460659334e-01
4.658005819419303722e-02 1.394766132871353703e-01
4.675551590791374168e-02 1.394766134198577590e-01
4.693597465660324930e-02 1.394758611609304422e-01
4.712294439222430159e-02 1.394744125261422885e-01
4.731816078855788366e-02 1.394723388712855172e-01
4.752268684079837685e-02 1.394698132115922418e-01
4.773586610668050650e-02 1.394672071139572145e-01
4.795452870533101208e-02 1.394650338880351614e-01
4.817345272550598717e-02 1.394637181284328065e-01
4.838736593934486047e-02 1.394633705527765777e-01
4.859298600425279724e-02 1.394637748937869737e-01
4.878955099468332279e-02 1.394645775567505130e-01
4.897806609283757162e-02 1.394654921598451613e-01
4.916030034819862671e-02 1.394663875966142830e-01
4.933808935594610062e-02 1.394672690611869492e-01
4.951298691280186376e-02 1.394682161588962632e-01
4.968614993542436187e-02 1.394693208952675623e-01
4.985835226197286169e-02 1.394706380731151885e-01
5.003058115148237284e-02 1.394721298744970306e-01
5.020382000758982083e-02 1.394736239248680620e-01
5.037883019066956986e-02 1.394748552936947161e-01
5.055674692400754372e-02 1.394755409882111330e-01
5.073909430714149821e-02 1.394754309549596505e-01
5.092767450585380939e-02 1.394743767473153317e-01
5.112422817782891205e-02 1.394724140105573773e-01
5.132975042153615358e-02 1.394698267700802408e-01
5.154349861159784191e-02 1.394671299782204721e-01
5.176223159372679572e-02 1.394649174948680848e-01
5.198070821104635447e-02 1.394636180397582637e-01
5.219370287116662649e-02 1.394633294309903238e-01
5.239802164333730999e-02 1.394638765164772642e-01
5.259299610260178420e-02 1.394650032345338686e-01
5.277970392917968878e-02 1.394664868844607553e-01
5.295991451325028632e-02 1.394681195713542432e-01
5.313517284911280919e-02 1.394696804621156916e-01
5.330602842808513514e-02 1.394710177729575618e-01
5.347224167784158516e-02 1.394721808458168621e-01
5.363479966981979374e-02 1.394733712504640233e-01
5.379737879847542453e-02 1.394746773313967347e-01
5.396366396334065230e-02 1.394758857741139058e-01
5.413465855432296470e-02 1.394766126225353564e-01
5.431012712748681248e-02 1.394766124670800689e-01
5.449059896637836742e-02 1.394758600170264984e-01
5.467758078980320541e-02 1.394744111194867187e-01
5.487280493486257349e-02 1.394723371435766246e-01
5.507733293172137334e-02 1.394698112801483481e-01
5.529050975131714202e-02 1.394672052579875865e-01
5.550916878233229379e-02 1.394650323815415649e-01
5.572809029510383122e-02 1.394637171477122461e-01
5.594200111483220439e-02 1.394633702599342440e-01
5.614761625427636127e-02 1.394637755106380717e-01
5.634417226164496750e-02 1.394645792773031023e-01
5.653267495247530500e-02 1.394654949812846878e-01
5.671489545611577143e-02 1.394663912192997679e-01
5.689267182276570856e-02 1.394672729230357899e-01
5.706755994856422404e-02 1.394682195812558256e-01
5.724071815733984547e-02 1.394693232750614242e-01
5.741292093573343441e-02 1.394706390522211514e-01
5.758515542564414391e-02 1.394721294288980840e-01
5.775840439444742541e-02 1.394736223460511515e-01
5.793342810740021581e-02 1.394748530638398043e-01
5.811136007452334662e-02 1.394755385991473529e-01
5.829372214411454589e-02 1.394754287523133629e-01
5.848231401147472447e-02 1.394743748578029519e-01
5.867887429608446143e-02 1.394724123768570079e-01
5.888439747074068059e-02 1.394698252707670671e-01
5.909814252428156889e-02 1.394671285613006961e-01
5.931687155302090009e-02 1.394649162275879151e-01
5.953534563567998428e-02 1.394636170522664809e-01
5.974833824108120861e-02 1.394633288599441967e-01
5.995265263815320600e-02 1.394638765147706849e-01
6.014761877816748870e-02 1.394650039657029938e-01
6.033431524414551578e-02 1.394664884469515864e-01
6.051451407538781246e-02 1.394681219206932166e-01
6.068976308081146936e-02 1.394696833752776532e-01
6.086061343097184939e-02 1.394710208402945573e-01
6.102682553450885367e-02 1.394721835438152424e-01
6.118938515647293075e-02 1.394733731284800160e-01
6.135196736876644130e-02 1.394746781823914261e-01
6.151825705817748347e-02 1.394758857022235232e-01
6.168925892811160522e-02 1.394766119569528784e-01
6.186473835803252969e-02 1.394766115124827510e-01
6.204522328510423540e-02 1.394758588710869884e-01
6.223221719682853897e-02 1.394744097112873005e-01
6.242744909301757572e-02 1.394723354152992145e-01
6.263197903535633326e-02 1.394698093491748558e-01
6.284515340355069368e-02 1.394672034032642116e-01
6.306380885515747159e-02 1.394650308767759195e-01
6.328272784800595407e-02 1.394637161688904170e-01
6.349663626784081416e-02 1.394633699686521622e-01
6.370224648480012075e-02 1.394637761281677935e-01
6.389879351741351021e-02 1.394645809974714157e-01
6.408728380989948958e-02 1.394654978016286739e-01
6.426949056836184226e-02 1.394663948408876586e-01
6.444725429698966446e-02 1.394672767844701011e-01
6.462213299186352067e-02 1.394682230041793258e-01
6.479528638523428252e-02 1.394693256561495009e-01
6.496748961347661999e-02 1.394706400326778395e-01
6.513972970223394499e-02 1.394721289839153944e-01
6.531298878310551337e-02 1.394736207665500938e-01
6.548802602653797100e-02 1.394748508319065272e-01
6.566597322949216387e-02 1.394755362070450866e-01
6.584834998895376657e-02 1.394754265464844822e-01
6.603695352906703564e-02 1.394743729658785292e-01
6.623352042942939888e-02 1.394724107422059545e-01
6.643904453432120105e-02 1.394698237721694045e-01
6.665278644397201746e-02 1.394671271464250906e-01
6.687151150589711046e-02 1.394649149630450835e-01
6.708998304063595874e-02 1.394636160675619962e-01
6.730297358549579279e-02 1.394633282911420802e-01
6.750728361069883998e-02 1.394638765142689474e-01
6.770224143974758191e-02 1.394650046968470281e-01
6.788892655335068693e-02 1.394664900084312265e-01
6.806911363689316374e-02 1.394681242686218736e-01
6.824435331386129178e-02 1.394696862873149867e-01
6.841519843616233887e-02 1.394710239072750879e-01
6.858140939559320692e-02 1.394721862422769187e-01
6.874397065127278716e-02 1.394733750074148293e-01
6.890655595121672472e-02 1.394746790341764575e-01
6.907285016742131800e-02 1.394758856303976169e-01
6.924385931556807650e-02 1.394766112903915167e-01
6.941934959955627094e-02 1.394766105560688030e-01
6.959984761277743237e-02 1.394758577231135499e-01
6.978685361328684778e-02 1.394744083015446168e-01
6.998209326300346145e-02 1.394723336864529262e-01
7.018662515168658245e-02 1.394698074186711545e-01
7.039979706337609611e-02 1.394672015497865070e-01
7.061844892381297090e-02 1.394650293737375313e-01
7.083736538421916973e-02 1.394637151919665974e-01
7.105127139836821260e-02 1.394633696789301103e-01
7.125687669581258488e-02 1.394637767463765554e-01
7.145341476197568376e-02 1.394645827172562580e-01
7.164189266510263832e-02 1.394655006208772863e-01
7.182408568493904577e-02 1.394663984613768448e-01
7.200183677862918852e-02 1.394672806454876901e-01
7.217670604271625434e-02 1.394682264276644046e-01
7.234985461912492311e-02 1.394693280385305434e-01
7.252205829521708724e-02 1.394706410144860020e-01
7.269430398126223991e-02 1.394721285395512933e-01
7.286757317356933050e-02 1.394736191863682195e-01
7.304262394808203052e-02 1.394748485978978270e-01
7.322058638890659166e-02 1.394755338119061105e-01
7.340297784164521999e-02 1.394754243374731750e-01
7.359159305861229239e-02 1.394743710715410367e-01
7.378816657784557920e-02 1.394724091066024130e-01
7.399369161226698743e-02 1.394698222742853377e-01
7.420743037067091541e-02 1.394671257335924341e-01
7.442615145236672336e-02 1.394649137012390072e-01
7.464462042592304170e-02 1.394636150856448653e-01
7.485760890440815163e-02 1.394633277245846681e-01
7.506191456096318604e-02 1.394638765149732174e-01
7.525686408733057997e-02 1.394650054279669982e-01
7.544353785679087931e-02 1.394664915688999807e-01
7.562371319777183576e-02 1.394681266151391597e-01
7.579894354827486358e-02 1.394696891982252218e-01
7.596978344367034952e-02 1.394710269738962949e-01
7.613599326110552512e-02 1.394721889411997540e-01
7.629855615422728721e-02 1.394733768872677693e-01
7.646114454583329001e-02 1.394746798867529114e-01
7.662744329108049646e-02 1.394758855586388513e-01
7.679845971670141991e-02 1.394766106228545743e-01
7.697396085206334448e-02 1.394766095978410558e-01
7.715447194939460684e-02 1.394758565731080979e-01
7.734149003916457321e-02 1.394744068902591672e-01
7.753673744480078789e-02 1.394723319570374265e-01
7.774127128069537040e-02 1.394698054886365779e-01
7.795444073078823533e-02 1.394671996975538342e-01
7.817308898830514774e-02 1.394650278724257342e-01
7.839200290375047953e-02 1.394637142169401489e-01
7.860590650641188781e-02 1.394633693907679772e-01
7.881150688730219345e-02 1.394637773652649682e-01
7.900803599531830423e-02 1.394645844366584064e-01
7.919650151807737515e-02 1.394655034390306914e-01
7.937868080584964403e-02 1.394664020807662719e-01
7.955641926769557726e-02 1.394672845060863364e-01
7.973127910113884942e-02 1.394682298517087582e-01
7.990442285902904507e-02 1.394693304222033303e-01
8.007662698096965070e-02 1.394706419976461387e-01
8.024887826273946478e-02 1.394721280958081400e-01
8.042215756584407405e-02 1.394736176055086652e-01
8.059722187203174903e-02 1.394748463618166734e-01
8.077519955275914987e-02 1.394755314137321456e-01
8.095760570217486185e-02 1.394754221252796078e-01
8.114623260009204420e-02 1.394743691747891978e-01
8.134281274131503758e-02 1.394724074700444683e-01
8.154833870456727751e-02 1.394698207771130349e-01
8.176207430438021950e-02 1.394671243228015334e-01
8.198079139244072999e-02 1.394649124421691588e-01
8.219925779155010104e-02 1.394636141065149493e-01
8.241224419781620347e-02 1.394633271602725433e-01
8.261654548893528072e-02 1.394638765168844941e-01
8.281148672090507534e-02 1.394650061590639034e-01
8.299814915446172836e-02 1.394664931283581266e-01
8.317831275802928248e-02 1.394681289602439367e-01
8.335353378406475111e-02 1.394696921080059993e-01
8.352436845350967587e-02 1.394710300401553749e-01
8.369057713105673701e-02 1.394721916405814721e-01
8.385314166534417468e-02 1.394733787680381976e-01
8.401573315262322872e-02 1.394746807401220090e-01
8.418203642916337326e-02 1.394758854869499187e-01
8.435306013152059357e-02 1.394766099543454929e-01
8.452857211555914185e-02 1.394766086378026182e-01
8.470909629495244897e-02 1.394758554210722423e-01
8.489612647444839955e-02 1.394744054774315067e-01
8.509138163839014002e-02 1.394723302270523546e-01
8.529591742236614094e-02 1.394698035590705987e-01
8.550908440578193492e-02 1.394671978465656659e-01
8.572772904864031651e-02 1.394650263728398065e-01
8.594664040660682236e-02 1.394637132438103500e-01
8.616054159196943896e-02 1.394633691041655132e-01
8.636613705925742790e-02 1.394637779848335590e-01
8.656265721742810448e-02 1.394645861556787214e-01
8.675111036881631710e-02 1.394655062560891112e-01
8.693327593109584361e-02 1.394664056990548018e-01
8.711100176419996066e-02 1.394672883662637641e-01
8.728585216714779271e-02 1.394682332763099719e-01
8.745899110496378748e-02 1.394693328071666405e-01
8.763119567074892369e-02 1.394706429821588878e-01
8.780345254667605570e-02 1.394721276526882936e-01
8.797674195993507307e-02 1.394736160239747058e-01
8.815181979838630777e-02 1.394748441236660641e-01
8.832981272104238613e-02 1.394755290125249958e-01
8.851223357052878660e-02 1.394754199099039749e-01
8.870087215348783360e-02 1.394743672756219299e-01
8.889745891981956638e-02 1.394724058325303162e-01
8.910298581121126049e-02 1.394698192806507198e-01
8.931671824510169222e-02 1.394671229140510560e-01
8.953543132613046851e-02 1.394649111858349000e-01
8.975389513752589365e-02 1.394636131301723869e-01
8.996687946571778338e-02 1.394633265982062331e-01
9.017117639460427159e-02 1.394638765200038599e-01
9.036610934045960497e-02 1.394650068901387430e-01
9.055276044635893196e-02 1.394664946868058586e-01
9.073291231767111054e-02 1.394681313039351778e-01
9.090812402124341662e-02 1.394696950166550153e-01
9.107895346569414019e-02 1.394710331060494968e-01
9.124516100545768116e-02 1.394721943404199915e-01
9.140772718463126278e-02 1.394733806497254480e-01
9.157032177159345199e-02 1.394746815942848328e-01
9.173662958167837223e-02 1.394758854153336225e-01
9.190766056003479845e-02 1.394766092848676864e-01
9.208318339004903375e-02 1.394766076759563767e-01
9.226372064944764195e-02 1.394758542670078705e-01
9.245076291912486532e-02 1.394744040630621629e-01
9.264602584375200567e-02 1.394723284964974885e-01
9.285056357668207416e-02 1.394698016299725229e-01
9.306372808835207400e-02 1.394671959968213082e-01
9.328236910482493038e-02 1.394650248749789989e-01
9.350127789279503998e-02 1.394637122725764788e-01
9.371517665503842354e-02 1.394633688191225795e-01
9.392076721166686681e-02 1.394637786050829109e-01
9.411727842829191448e-02 1.394645878743179801e-01
9.430571921731195628e-02 1.394655090720526569e-01
9.448787106067978170e-02 1.394664093162412966e-01
9.466558426815349647e-02 1.394672922260178083e-01
9.484042524075944613e-02 1.394682367014657420e-01
9.501355935694645594e-02 1.394693351934191694e-01
9.518576436456963052e-02 1.394706439680248877e-01
9.535802683308239325e-02 1.394721272101941134e-01
9.553132635584750398e-02 1.394736144417695889e-01
9.570641772714505446e-02 1.394748418834489134e-01
9.588442589374891745e-02 1.394755266082863543e-01
9.606686144669300542e-02 1.394754176913465260e-01
9.625551171878138357e-02 1.394743653740381506e-01
9.645210511334115222e-02 1.394724041940580139e-01
9.665763293218819496e-02 1.394698177848965603e-01
9.687136219283705441e-02 1.394671215073398918e-01
9.709007125344704114e-02 1.394649099322357866e-01
9.730853246385937072e-02 1.394636121566170117e-01
9.752151470811089295e-02 1.394633260383862372e-01
9.772580727795909805e-02 1.394638765243323142e-01
9.792073194598265029e-02 1.394650076211926271e-01
9.810737173247802145e-02 1.394664962442435652e-01
9.828751187670280165e-02 1.394681336462118004e-01
9.846271425982336400e-02 1.394696979241698553e-01
9.863353848023742598e-02 1.394710361715757740e-01
9.879974488431933488e-02 1.394721970407130640e-01
9.896231271209637859e-02 1.394733825323287713e-01
9.912491040275100973e-02 1.394746824492425208e-01
9.929122274863376452e-02 1.394758853437925716e-01
9.946226100225305511e-02 1.394766086144245132e-01
9.963779467553843250e-02 1.394766067123052455e-01
9.981834501287684125e-02 1.394758531109167310e-01
1.000053993731806756e-01 1.394744026471516074e-01
1.002006700608670253e-01 1.394723267653723842e-01
1.004052097436264890e-01 1.394697997013417401e-01
1.006183717784934206e-01 1.394671941483202338e-01
1.008370091568652899e-01 1.394650233788426730e-01
1.010559153623220852e-01 1.394637113032378972e-01
1.012698116956163435e-01 1.394633685356389818e-01
1.014753973445190471e-01 1.394637792260134956e-01
1.016718996278964254e-01 1.394645895925769596e-01
1.018603280635568126e-01 1.394655118869215782e-01
1.020424661946036510e-01 1.394664129323247015e-01
1.022201667795673702e-01 1.394672960853461652e-01
1.023949983219903520e-01 1.394682401271737093e-01
1.025681276149942589e-01 1.394693375809597236e-01
1.027403330624465372e-01 1.394706449552446936e-01
1.029126011219689552e-01 1.394721267683278476e-01
1.030859107535866820e-01 1.394736128588965340e-01
1.032610156583072397e-01 1.394748396411682190e-01
1.034390390708713747e-01 1.394755242010180807e-01
1.036214893306535711e-01 1.394754154696074000e-01
1.038101512959541811e-01 1.394743634700365831e-01
1.040067513218616430e-01 1.394724025546257018e-01
1.042122800674873118e-01 1.394698162898486971e-01
1.044260061475882212e-01 1.394671201026666807e-01
1.046447111744015918e-01 1.394649086813712080e-01
1.048631697705593308e-01 1.394636111858489069e-01
1.050761499249934783e-01 1.394633254808132494e-01
1.052804381389889909e-01 1.394638765298710503e-01
1.054753545374627899e-01 1.394650083522266104e-01
1.056619830128146392e-01 1.394664978006714406e-01
1.058421114351297404e-01 1.394681359870727499e-01
1.060173044998170971e-01 1.394697008305481600e-01
1.061881234971533139e-01 1.394710392367313756e-01
1.063543287676526200e-01 1.394721997414584969e-01
1.065168982477473075e-01 1.394733844158475566e-01
1.066794990461029657e-01 1.394746833049962109e-01
1.068458159300379601e-01 1.394758852723295417e-01
1.070168614581844813e-01 1.394766079430194983e-01
1.071924059720327366e-01 1.394766057468522780e-01
1.073729693852368550e-01 1.394758519528006280e-01
1.075600358366023551e-01 1.394744012297004510e-01
1.077553142897157423e-01 1.394723250336768472e-01
1.079598559231826210e-01 1.394697977731777505e-01
1.081730154762008400e-01 1.394671923010617764e-01
1.083916492047677788e-01 1.394650218844300793e-01
1.086105528151949384e-01 1.394637103357937724e-01
1.088244467137008675e-01 1.394633682537144703e-01
1.090300274578025058e-01 1.394637798476259238e-01
1.092265208162285089e-01 1.394645913104565482e-01
1.094149369075434197e-01 1.394655147006960139e-01
1.095970613328695609e-01 1.394664165473039064e-01
1.097747492984527257e-01 1.394672999442466976e-01
1.099495714108568445e-01 1.394682435534314591e-01
1.101226958791244187e-01 1.394693399697870262e-01
1.102949017643943125e-01 1.394706459438189439e-01
1.104671754133461775e-01 1.394721263270919387e-01
1.106404951531579084e-01 1.394736112753587609e-01
1.108156135918721558e-01 1.394748373968269506e-01
1.109936522524022501e-01 1.394755217907219236e-01
1.111761172223964533e-01 1.394754132446868466e-01
1.113647908849877688e-01 1.394743615636162004e-01
1.115613975453629558e-01 1.394724009142315757e-01
1.117669272170976752e-01 1.394698147955052148e-01
1.119806501093568440e-01 1.394671187000302293e-01
1.121993510890053058e-01 1.394649074332405814e-01
1.124178070576347527e-01 1.394636102178680448e-01
1.126307851163636103e-01 1.394633249254877971e-01
1.128350689776829313e-01 1.394638765366210398e-01
1.130299771148884913e-01 1.394650090832416922e-01
1.132165942873643444e-01 1.394664993560897903e-01
1.133967109929574085e-01 1.394681383265169716e-01
1.135718947412370644e-01 1.394697037357875424e-01
1.137427085164555429e-01 1.394710423015134149e-01
1.139089126554683890e-01 1.394722024426541807e-01
1.140714837915919461e-01 1.394733863002810548e-01
1.142340877016562173e-01 1.394746841615470412e-01
1.144004091258993272e-01 1.394758852009472250e-01
1.145714619278380975e-01 1.394766072706559723e-01
1.147470172795373722e-01 1.394766047796003883e-01
1.149275937665243802e-01 1.394758507926613100e-01
1.151146723093766644e-01 1.394743998107092209e-01
1.153099585302787417e-01 1.394723233014104891e-01
1.155145021153337198e-01 1.394697958454798048e-01
1.157276591814691141e-01 1.394671904550453811e-01
1.159462892485387392e-01 1.394650203917405518e-01
1.161651902514205942e-01 1.394637093702435771e-01
1.163790817092895946e-01 1.394633679733489062e-01
1.165846575515058631e-01 1.394637804699206951e-01
1.167811419932748701e-01 1.394645930279574952e-01
1.169695457492642560e-01 1.394655175133761582e-01
1.171516564754795514e-01 1.394664201611778565e-01
1.173293318248206651e-01 1.394673038027171574e-01
1.175041445073753826e-01 1.394682469802367708e-01
1.176772641493541854e-01 1.394693423598998006e-01
1.178494704704276946e-01 1.394706469337481936e-01
1.180217497072245658e-01 1.394721258864886904e-01
1.181950795545663874e-01 1.394736096911594891e-01
1.183702115278391503e-01 1.394748351504280781e-01
1.185482654383341883e-01 1.394755193773996038e-01
1.187307451219077881e-01 1.394754110165850602e-01
1.189194304858638834e-01 1.394743596547758646e-01
1.191160437838270497e-01 1.394723992728736650e-01
1.193215743810084467e-01 1.394698133018643649e-01
1.195352940781446438e-01 1.394671172994293162e-01
1.197539909972693828e-01 1.394649061878433516e-01
1.199724443250944628e-01 1.394636092526743698e-01
1.201854202822192075e-01 1.394633243724104354e-01
1.203896997940300251e-01 1.394638765445833373e-01
1.205845996782483748e-01 1.394650098142389827e-01
1.207712055561226266e-01 1.394665009104989473e-01
1.209513105501912461e-01 1.394681406645434107e-01
1.211264849840957003e-01 1.394697066398856988e-01
1.212972935381578243e-01 1.394710453659191440e-01
1.214634965477776329e-01 1.394722051442978117e-01
1.216260693436380519e-01 1.394733881856285718e-01
1.217886763694178559e-01 1.394746850188961218e-01
1.219550023362262897e-01 1.394758851296482860e-01
1.221260624112229937e-01 1.394766065973374047e-01
1.223016285980577933e-01 1.394766038105525741e-01
1.224822181567361556e-01 1.394758496305005813e-01
1.226693087914901698e-01 1.394743983901785001e-01
1.228646027825365944e-01 1.394723215685730600e-01
1.230691483200630210e-01 1.394697939182473478e-01
1.232823028942929416e-01 1.394671886102704372e-01
1.235009292881843884e-01 1.394650189007733132e-01
1.237198276710060191e-01 1.394637084065864785e-01
1.239337166823803460e-01 1.394633676945421230e-01
1.241392876256176697e-01 1.394637810928983646e-01
1.243357631590223111e-01 1.394645947450805779e-01
1.245241545887117718e-01 1.394655203249622610e-01
1.247062516224357043e-01 1.394664237739454415e-01
1.248839143586822631e-01 1.394673076607553519e-01
1.250587176115623700e-01 1.394682504075871465e-01
1.252318324257007953e-01 1.394693447512967699e-01
1.254040391805613941e-01 1.394706479250329978e-01
1.255763240036144590e-01 1.394721254465204063e-01
1.257496639578175313e-01 1.394736081063020217e-01
1.259248094662075157e-01 1.394748329019745436e-01
1.261028786286597925e-01 1.394755169610529255e-01
1.262853730291735588e-01 1.394754087853022906e-01
1.264740700985640676e-01 1.394743577435143544e-01
1.266706900372356615e-01 1.394723976305501378e-01
1.268762215592087739e-01 1.394698118089242878e-01
1.270899380539533552e-01 1.394671159008626926e-01
1.273086308992049942e-01 1.394649049451789913e-01
1.275270815729474816e-01 1.394636082902679097e-01
1.277400554225583962e-01 1.394633238215817472e-01
1.279443305880194615e-01 1.394638765537590253e-01
1.281392222275308523e-01 1.394650105452194533e-01
1.283258168190850035e-01 1.394665024638991335e-01
1.285059101068365961e-01 1.394681430011509848e-01
1.286810752284054116e-01 1.394697095428402978e-01
1.288518785622738694e-01 1.394710484299455933e-01
1.290180804445911211e-01 1.394722078463873083e-01
1.291806549038934937e-01 1.394733900718894692e-01
1.293432650493948621e-01 1.394746858770445075e-01
1.295095955610270633e-01 1.394758850584354448e-01
1.296806629083482321e-01 1.394766059230670985e-01
1.298562399275994261e-01 1.394766028397118052e-01
1.300368425558689756e-01 1.394758484663202736e-01
1.302239452829295485e-01 1.394743969681088158e-01
1.304192470464698161e-01 1.394723198351642268e-01
1.306237945373538156e-01 1.394697919914798523e-01
1.308369466146670768e-01 1.394671867667363341e-01
1.310555693237110964e-01 1.394650174115276975e-01
1.312744650739581520e-01 1.394637074448217828e-01
1.314883516329707347e-01 1.394633674172937876e-01
1.316939176801265599e-01 1.394637817165594040e-01
1.318903843134575371e-01 1.394645964618266565e-01
1.320787634258785148e-01 1.394655231354544611e-01
1.322608467737400872e-01 1.394664273856055792e-01
1.324384969000485801e-01 1.394673115183590606e-01
1.326132907234339742e-01 1.394682538354803658e-01
1.327864007081814568e-01 1.394693471439767685e-01
1.329586078948102046e-01 1.394706489176739950e-01
1.331308983025264181e-01 1.394721250071894181e-01
1.333042483629165720e-01 1.394736065207894948e-01
1.334794074069765579e-01 1.394748306514694003e-01
1.336574918233715825e-01 1.394755145416836928e-01
1.338400009441799154e-01 1.394754065508386764e-01
1.340287097230697111e-01 1.394743558298306429e-01
1.342253363055707915e-01 1.394723959872591623e-01
1.344308687516878598e-01 1.394698103166830960e-01
1.346445820367846991e-01 1.394671145043290816e-01
1.348632707948233811e-01 1.394649037052468621e-01
1.350817188012028713e-01 1.394636073306485813e-01
1.352946905373791642e-01 1.394633232730022321e-01
1.354989613596404574e-01 1.394638765641492140e-01
1.356938447627244748e-01 1.394650112761842420e-01
1.358804280762470618e-01 1.394665040162907377e-01
1.360605096628987598e-01 1.394681453363386947e-01
1.362356654741787576e-01 1.394697124446488690e-01
1.364064635888174726e-01 1.394710514935900147e-01
1.365726643459198864e-01 1.394722105489203945e-01
1.367352404723660708e-01 1.394733919590629700e-01
1.368978537415942165e-01 1.394746867359933640e-01
1.370641888003101827e-01 1.394758849873113660e-01
1.372352634192229859e-01 1.394766052478485785e-01
1.374108512681677385e-01 1.394766018670809959e-01
1.375914669639196619e-01 1.394758473001222188e-01
1.377785817836816584e-01 1.394743955445007511e-01
1.379738913220592000e-01 1.394723181011837121e-01
1.381784407671892978e-01 1.394697900651766242e-01
1.383915903425861349e-01 1.394671849244424056e-01
1.386102093551252190e-01 1.394650159240030107e-01
1.388291024602841817e-01 1.394637064849487684e-01
1.390429865610583737e-01 1.394633671416038168e-01
1.392485477150212092e-01 1.394637823409044519e-01
1.394450054565674613e-01 1.394645981781965360e-01
1.396333722607567551e-01 1.394655259448529805e-01
1.398154419293946849e-01 1.394664309961571869e-01
1.399930794489306629e-01 1.394673153755260631e-01
1.401678638430068069e-01 1.394682572639139029e-01
1.403409689968133922e-01 1.394693495379384363e-01
1.405131766131887672e-01 1.394706499116717402e-01
1.406854726039708792e-01 1.394721245684980571e-01
1.408588327698688802e-01 1.394736049346252116e-01
1.410340053501456525e-01 1.394748283989155624e-01
1.412121050224623697e-01 1.394755121192937097e-01
1.413946288669128970e-01 1.394754043131945509e-01
1.415833493593626480e-01 1.394743539137235644e-01
1.417799825888143295e-01 1.394723943429988788e-01
1.419855159584348103e-01 1.394698088251389578e-01
1.421992260266403130e-01 1.394671131098272343e-01
1.424179106841354514e-01 1.394649024680464366e-01
1.426363560098695138e-01 1.394636063738163845e-01
1.428493256266797073e-01 1.394633227266725284e-01
1.430535921088821605e-01 1.394638765757548748e-01
1.432484672838178763e-01 1.394650120071343202e-01
1.434350393276042357e-01 1.394665055676739263e-01
1.436151092183831357e-01 1.394681476701054301e-01
1.437902557214279786e-01 1.394697153453091365e-01
1.439610486178024285e-01 1.394710545568495219e-01
1.441272482517747533e-01 1.394722132518949054e-01
1.442898260490636242e-01 1.394733938471483248e-01
1.444524424460230105e-01 1.394746875957437737e-01
1.446187820540839886e-01 1.394758849162787973e-01
1.447898639438562063e-01 1.394766045716851754e-01
1.449654626197681428e-01 1.394766008926632272e-01
1.451460913808850506e-01 1.394758461319081655e-01
1.453332182937329409e-01 1.394743941193548331e-01
1.455285356092851923e-01 1.394723163666312382e-01
1.457330870095525921e-01 1.394697881393370809e-01
1.459462340780451339e-01 1.394671830833881521e-01
1.461648493824330430e-01 1.394650144381985313e-01
1.463837398299909220e-01 1.394637055269667969e-01
1.465976214666411814e-01 1.394633668674720162e-01
1.468031777302901963e-01 1.394637829659339523e-01
1.469996265883387609e-01 1.394645998941909937e-01
1.471879810933390265e-01 1.394655287531579857e-01
1.473700370894016065e-01 1.394664346055992099e-01
1.475476620053396692e-01 1.394673192322541944e-01
1.477224369702972162e-01 1.394682606928855373e-01
1.478955372916138100e-01 1.394693519331805243e-01
1.480677453357118201e-01 1.394706509070268163e-01
1.482400469079583338e-01 1.394721241304486548e-01
1.484134171786796741e-01 1.394736033478123360e-01
1.485886032957140779e-01 1.394748261443160553e-01
1.487667182259247156e-01 1.394755096938847250e-01
1.489492567973586534e-01 1.394754020723700250e-01
1.491379890074244485e-01 1.394743519951920363e-01
1.493346288869481786e-01 1.394723926977673722e-01
1.495401631794387176e-01 1.394698073342900690e-01
1.497538700235219733e-01 1.394671117173559571e-01
1.499725505671526404e-01 1.394649012335770766e-01
1.501909931989563740e-01 1.394636054197712915e-01
1.504039606904581106e-01 1.394633221825931635e-01
1.506082228357335795e-01 1.394638765885770904e-01
1.508030897907995382e-01 1.394650127380707705e-01
1.509896505731520289e-01 1.394665071180490323e-01
1.511697087732950251e-01 1.394681500024502196e-01
1.513448459701654814e-01 1.394697182448187966e-01
1.515156336492422817e-01 1.394710576197212559e-01
1.516818321621667409e-01 1.394722159553085927e-01
1.518444116339939531e-01 1.394733957361448951e-01
1.520070311626882109e-01 1.394746884562968192e-01
1.521733753223566132e-01 1.394758848453403477e-01
1.523444644822570526e-01 1.394766038945803310e-01
1.525200739824061347e-01 1.394765999164614134e-01
1.527007158067620052e-01 1.394758449616799456e-01
1.528878548130703507e-01 1.394743926926716449e-01
1.530831799081284472e-01 1.394723146315064721e-01
1.532877332644270452e-01 1.394697862139606115e-01
1.535008778210384395e-01 1.394671812435729075e-01
1.537194894056409522e-01 1.394650129541135375e-01
1.539383771830856729e-01 1.394637045708750911e-01
1.541522563497169374e-01 1.394633665948981083e-01
1.543578077259223358e-01 1.394637835916484603e-01
1.545542477087581690e-01 1.394646016098108343e-01
1.547425899236177793e-01 1.394655315603696988e-01
1.549246322537627396e-01 1.394664382139305658e-01
1.551022445692863683e-01 1.394673230885411508e-01
1.552770101053215224e-01 1.394682641223928821e-01
1.554501055925999742e-01 1.394693543297017835e-01
1.556223140623942125e-01 1.394706519037396952e-01
1.557946212144992459e-01 1.394721236930434871e-01
1.559680015893542271e-01 1.394736017603541434e-01
1.561432012436811123e-01 1.394748238876738489e-01
1.563213314337511817e-01 1.394755072654585426e-01
1.565038847355031959e-01 1.394753998283654317e-01
1.566926286672366830e-01 1.394743500742348652e-01
1.568892751999539925e-01 1.394723910515628662e-01
1.570948104146884794e-01 1.394698058441345700e-01
1.573085140274312344e-01 1.394671103269139179e-01
1.575271904438860227e-01 1.394649000018382823e-01
1.577456303684725558e-01 1.394636044685132470e-01
1.579585957287126252e-01 1.394633216407646925e-01
1.581628535401839175e-01 1.394638766026169707e-01
1.583577122836577755e-01 1.394650134689946475e-01
1.585442618128858339e-01 1.394665086674164167e-01
1.587243083276396738e-01 1.394681523333719531e-01
1.588994362204036725e-01 1.394697211431754069e-01
1.590702186831507436e-01 1.394710606822023302e-01
1.592364160771067016e-01 1.394722186591592639e-01
1.593989972271648847e-01 1.394733976260518760e-01
1.595616198915967565e-01 1.394746893176535552e-01
1.597279686051367165e-01 1.394758847744987096e-01
1.598990650344346010e-01 1.394766032165374314e-01
1.600746853560873206e-01 1.394765989384785243e-01
1.602553402415472783e-01 1.394758437894393632e-01
1.604424913416805931e-01 1.394743912644518524e-01
1.606378242185696748e-01 1.394723128958091640e-01
1.608423795317957539e-01 1.394697842890466333e-01
1.610555215715608057e-01 1.394671794049960611e-01
1.612741294247551083e-01 1.394650114717472800e-01
1.614930145195752620e-01 1.394637036166729571e-01
1.617068912102832823e-01 1.394633663238818988e-01
1.619124377019061922e-01 1.394637842180485032e-01
1.621088688178124737e-01 1.394646033250568629e-01
1.622971987515851866e-01 1.394655343664883418e-01
1.624792274224801381e-01 1.394664418211501722e-01
1.626568271407818067e-01 1.394673269443848229e-01
1.628315832480958236e-01 1.394682675524335780e-01
1.630046738997890654e-01 1.394693567275009094e-01
1.631768827932507104e-01 1.394706529018110985e-01
1.633491955236042736e-01 1.394721232562848856e-01
1.635225860018979516e-01 1.394736001722538254e-01
1.636977991940462562e-01 1.394748216289918852e-01
1.638759446459344959e-01 1.394755048340170223e-01
1.640585126813326466e-01 1.394753975811809377e-01
1.642472683387809218e-01 1.394743481508510241e-01
1.644439215278138133e-01 1.394723894043834733e-01
1.646494576641734098e-01 1.394698043546705735e-01
1.648631580383696504e-01 1.394671089384998675e-01
1.650818303143466725e-01 1.394648987728294154e-01
1.653002675184270798e-01 1.394636035200422508e-01
1.655132307414412529e-01 1.394633211011876706e-01
1.657174842222225442e-01 1.394638766178755429e-01
1.659123347623810696e-01 1.394650141999070336e-01
1.660988730468010433e-01 1.394665102157763570e-01
1.662789078814222166e-01 1.394681546628696589e-01
1.664540264721548202e-01 1.394697240403767191e-01
1.666248037195416087e-01 1.394710637442899692e-01
1.667909999966055434e-01 1.394722213634446983e-01
1.669535828285842460e-01 1.394733995168686291e-01
1.671162086327556695e-01 1.394746901798151195e-01
1.672825619024324029e-01 1.394758847037565752e-01
1.674536656003980384e-01 1.394766025375599183e-01
1.676292967408171408e-01 1.394765979587175575e-01
1.678099646852377891e-01 1.394758426151882225e-01
1.679971278795502621e-01 1.394743898346958721e-01
1.681924685405894182e-01 1.394723111595389808e-01
1.683970258116420093e-01 1.394697823645945911e-01
1.686101653296070702e-01 1.394671775676570580e-01
1.688287694397817285e-01 1.394650099910990926e-01
1.690476518394669336e-01 1.394637026643596456e-01
1.692615260483381068e-01 1.394633660544232212e-01
1.694670676582304691e-01 1.394637848451346640e-01
1.696634899154886023e-01 1.394646050399298842e-01
1.698518075772338376e-01 1.394655371715140812e-01
1.700338225955555504e-01 1.394664454272570020e-01
1.702114097198370035e-01 1.394673307997829903e-01
1.703861563986367733e-01 1.394682709830052936e-01
1.705592422131984309e-01 1.394693591265766253e-01
1.707314515282959688e-01 1.394706539012414426e-01
1.709037698352836865e-01 1.394721228201751262e-01
1.710771704163161488e-01 1.394735985835146019e-01
1.712523971468087880e-01 1.394748193682732174e-01
1.714305578624674420e-01 1.394755023995618570e-01
1.716131406348331834e-01 1.394753953308168481e-01
1.718019080220387906e-01 1.394743462250393473e-01
1.719985678705094334e-01 1.394723877562272785e-01
1.722041049278824065e-01 1.394698028658962752e-01
1.724178020563389424e-01 1.394671075521125569e-01
1.726364701785457756e-01 1.394648975465499208e-01
1.728549046488290775e-01 1.394636025743582197e-01
1.730678657286423838e-01 1.394633205638625972e-01
1.732721148818386903e-01 1.394638766343538616e-01
1.734669572269581794e-01 1.394650149308089282e-01
1.736534842748931329e-01 1.394665117631291029e-01
1.738335074346480658e-01 1.394681569909422547e-01
1.740086167254312477e-01 1.394697269364203185e-01
1.741793887584284772e-01 1.394710668059813141e-01
1.743455839206741464e-01 1.394722240681626202e-01
1.745081684382598919e-01 1.394734014085943219e-01
1.746707973861718610e-01 1.394746910427825115e-01
1.748371552142522489e-01 1.394758846331166091e-01
1.750082661801563855e-01 1.394766018576511224e-01
1.751839081366012019e-01 1.394765969771815106e-01
1.753645891378306787e-01 1.394758414389284384e-01
1.755517644266663957e-01 1.394743884034044812e-01
1.757471128741682764e-01 1.394723094226957005e-01
1.759516721039488252e-01 1.394697804406038744e-01
1.761648090951716261e-01 1.394671757315552318e-01
1.763834094507271688e-01 1.394650085121682537e-01
1.766022891427675712e-01 1.394637017139344626e-01
1.768161608638792182e-01 1.394633657865218257e-01
1.770216975948840088e-01 1.394637854729073589e-01
1.772181110017732875e-01 1.394646067544307588e-01
1.774064164005561550e-01 1.394655399754471392e-01
1.775884177729910030e-01 1.394664490322499728e-01
1.777659923064628111e-01 1.394673346547334603e-01
1.779407295569604419e-01 1.394682744141056141e-01
1.781138105328451127e-01 1.394693615269276266e-01
1.782860202675447259e-01 1.394706549020313380e-01
1.784583441495481981e-01 1.394721223847165681e-01
1.786317548326142313e-01 1.394735969941397202e-01
1.788069951019679582e-01 1.394748171055207875e-01
1.789851710833425813e-01 1.394754999620949620e-01
1.791677685959909005e-01 1.394753930772733574e-01
1.793565477169918876e-01 1.394743442967988079e-01
1.795532142280225618e-01 1.394723861070925330e-01
1.797587522058045062e-01 1.394698013778098433e-01
1.799724460813406091e-01 1.394671061677507651e-01
1.801911100364944895e-01 1.394648963229991323e-01
1.804095417596874584e-01 1.394636016314611537e-01
1.806225006903141306e-01 1.394633200287901664e-01
1.808267455190215312e-01 1.394638766520529816e-01
1.810215796773773367e-01 1.394650156617014414e-01
1.812080954971575786e-01 1.394665133094750709e-01
1.813881069873223562e-01 1.394681593175887413e-01
1.815632069802451676e-01 1.394697298313039013e-01
1.817339737998251992e-01 1.394710698672734228e-01
1.819001678493234186e-01 1.394722267733109478e-01
1.820627540561996494e-01 1.394734033012282048e-01
1.822253861518524087e-01 1.394746919065568413e-01
1.823917485406043870e-01 1.394758845625814481e-01
1.825628667737187183e-01 1.394766011768145131e-01
1.827385195434449439e-01 1.394765959938734090e-01
1.829192135993226442e-01 1.394758402606617598e-01
1.831064009830156436e-01 1.394743869705781236e-01
1.833017572192868760e-01 1.394723076852790733e-01
1.835063184086994370e-01 1.394697785170738447e-01
1.837194528682490891e-01 1.394671738966900554e-01
1.839380494575977021e-01 1.394650070349539861e-01
1.841569264294843911e-01 1.394637007653966587e-01
1.843707956569047290e-01 1.394633655201774902e-01
1.845763275118554314e-01 1.394637861013671432e-01
1.847727320766532622e-01 1.394646084685602083e-01
1.849610252215442840e-01 1.394655427782877655e-01
1.851430129547882442e-01 1.394664526361280021e-01
1.853205749006701930e-01 1.394673385092340401e-01
1.854953027230833162e-01 1.394682778457322081e-01
1.856683788587462913e-01 1.394693639285526365e-01
1.858405890110117475e-01 1.394706559041813121e-01
1.860129184664081337e-01 1.394721219499114873e-01
1.861863392507974724e-01 1.394735954041323722e-01
1.863615930595234338e-01 1.394748148407375377e-01
1.865397843085526974e-01 1.394754975216180859e-01
1.867223965647918926e-01 1.394753908205507154e-01
1.869111874236218107e-01 1.394743423661281845e-01
1.871078606003351297e-01 1.394723844569773497e-01
1.873133994979286343e-01 1.394697998904093628e-01
1.875270901133763712e-01 1.394671047854131596e-01
1.877457498882041664e-01 1.394648951021764671e-01
1.879641788510116041e-01 1.394636006913509696e-01
1.881771356264549666e-01 1.394633194959708500e-01
1.883813761337604087e-01 1.394638766709739852e-01
1.885762021136272448e-01 1.394650163925856001e-01
1.887627067135895231e-01 1.394665148548144273e-01
1.889427065394502503e-01 1.394681616428080917e-01
1.891177972366090421e-01 1.394697327250250807e-01
1.892885588437452637e-01 1.394710729281635475e-01
1.894547517825642957e-01 1.394722294788873218e-01
1.896173396824113178e-01 1.394734051947695841e-01
1.897799749298043626e-01 1.394746927711391915e-01
1.899463418814971438e-01 1.394758844921538121e-01
1.901174673810941962e-01 1.394766004950534211e-01
1.902931309613540012e-01 1.394765950087961670e-01
1.904738380697106881e-01 1.394758390803900738e-01
1.906610375485848219e-01 1.394743855362174656e-01
1.908564015759258992e-01 1.394723059472887938e-01
1.910609647258769694e-01 1.394697765940039746e-01
1.912740966488341299e-01 1.394671720630608069e-01
1.914926894603994345e-01 1.394650055594556792e-01
1.917115636996246097e-01 1.394636998187455679e-01
1.919254304274122802e-01 1.394633652553899650e-01
1.921309574091335515e-01 1.394637867305146550e-01
1.923273531401153147e-01 1.394646101823191209e-01
1.925156340401906752e-01 1.394655455800360710e-01
1.926976081409491615e-01 1.394664562388900353e-01
1.928751575024700016e-01 1.394673423632825371e-01
1.930498758970214945e-01 1.394682812778827996e-01
1.932229471909194252e-01 1.394693663314504062e-01
1.933951577587118553e-01 1.394706569076919478e-01
1.935674927858741512e-01 1.394721215157621597e-01
1.937409236708712568e-01 1.394735938134958053e-01
1.939161910194743266e-01 1.394748125739265765e-01
1.940943975380903241e-01 1.394754950781330882e-01
1.942770245412222818e-01 1.394753885606491994e-01
1.944658271419101858e-01 1.394743404330265057e-01
1.946625069874289016e-01 1.394723828058797854e-01
1.948680468042440217e-01 1.394697984036930571e-01
1.950817341524476722e-01 1.394671034050985192e-01
1.953003897336856864e-01 1.394648938840814256e-01
1.955188159228105071e-01 1.394635997540276950e-01
1.957317705370629490e-01 1.394633189654051475e-01
1.959360067260445259e-01 1.394638766911178718e-01
1.961308245356961910e-01 1.394650171234624869e-01
1.963173179241844146e-01 1.394665163991476720e-01
1.964973060910369107e-01 1.394681639665993345e-01
1.966723874945350559e-01 1.394697356175816083e-01
1.968431438902023545e-01 1.394710759886487461e-01
1.970093357204077134e-01 1.394722321848895219e-01
1.971719253169027797e-01 1.394734070892176825e-01
1.973345637200346891e-01 1.394746936365305889e-01
1.975009352369389848e-01 1.394758844218362548e-01
1.976720680022918952e-01 1.394765998123713158e-01
1.978477423903338139e-01 1.394765940219528655e-01
1.980284625489916184e-01 1.394758378981152125e-01
1.982156741233608022e-01 1.394743841003230900e-01
1.984110459440658614e-01 1.394723042087245291e-01
1.986156110554645471e-01 1.394697746713936259e-01
1.988287404369212807e-01 1.394671702306669592e-01
1.990473294591386944e-01 1.394650040856724726e-01
1.992662009531953327e-01 1.394636988739803019e-01
1.994800651754000398e-01 1.394633649921590834e-01
1.996855872867072113e-01 1.394637873603502276e-01
1.998819741921462889e-01 1.394646118957082459e-01
2.000702428564875845e-01 1.394655483806923613e-01
2.002522033314756977e-01 1.394664598405351286e-01
2.004297401118733113e-01 1.394673462168767863e-01
2.006044490787913526e-01 1.394682847105548629e-01
2.007775155293814728e-01 1.394693687356195755e-01
2.009497265106598984e-01 1.394706579125637447e-01
2.011220671079566313e-01 1.394721210822708612e-01
2.012955080928410523e-01 1.394735922222332392e-01
2.014707889818201370e-01 1.394748103050907906e-01
2.016490107719481339e-01 1.394754926316417176e-01
2.018316525252681626e-01 1.394753862975690872e-01
2.020204668718386942e-01 1.394743384974926337e-01
2.022171533892857531e-01 1.394723811537981473e-01
2.024226941247394551e-01 1.394697969176590391e-01
2.026363781985561219e-01 1.394671020268055395e-01
2.028550295729503739e-01 1.394648926687133417e-01
2.030734529750934381e-01 1.394635988194911635e-01
2.032864054221365235e-01 1.394633184370936696e-01
2.034906372958631970e-01 1.394638767124858070e-01
2.036854469435727955e-01 1.394650178543331565e-01
2.038719291289375068e-01 1.394665179424749712e-01
2.040519056420873889e-01 1.394681662889613039e-01
2.042269777540354214e-01 1.394697385089710973e-01
2.043977289392102104e-01 1.394710790487262431e-01
2.045639196628645795e-01 1.394722348913153553e-01
2.047265109596818622e-01 1.394734089845716951e-01
2.048891525225502719e-01 1.394746945027320884e-01
2.050555286069381256e-01 1.394758843516314961e-01
2.052266686373210025e-01 1.394765991287716389e-01
2.054023538303901553e-01 1.394765930333464465e-01
2.055830870371626040e-01 1.394758367138390076e-01
2.057703107073304838e-01 1.394743826628956074e-01
2.059656903236876113e-01 1.394723024695861680e-01
2.061702573974454056e-01 1.394697727492421879e-01
2.063833842325050461e-01 1.394671683995079292e-01
2.066019694538217266e-01 1.394650026136037835e-01
2.068208381902035264e-01 1.394636979311003611e-01
2.070346999008657873e-01 1.394633647304846236e-01
2.072402171445652530e-01 1.394637879908744438e-01
2.074365952327328066e-01 1.394646136087283883e-01
2.076248516704272129e-01 1.394655511802568304e-01
2.078067985263696016e-01 1.394664634410620885e-01
2.079843227288906415e-01 1.394673500700145397e-01
2.081590222684091274e-01 1.394682881437462052e-01
2.083320838741497538e-01 1.394693711410588954e-01
2.085042952668706151e-01 1.394706589187972023e-01
2.086766414326662322e-01 1.394721206494399512e-01
2.088500925167120492e-01 1.394735906303478656e-01
2.090253869465603653e-01 1.394748080342332330e-01
2.092036240101188549e-01 1.394754901821458615e-01
2.093862805169157681e-01 1.394753840313106286e-01
2.095751066133887952e-01 1.394743365595254025e-01
2.097717998058875322e-01 1.394723795007304368e-01
2.099773414594039156e-01 1.394697954323054767e-01
2.101910222517032190e-01 1.394671006505329713e-01
2.104096694060093309e-01 1.394648914560716046e-01
2.106280900078695839e-01 1.394635978877414306e-01
2.108410402816741080e-01 1.394633179110369159e-01
2.110452678432057361e-01 1.394638767350787623e-01
2.112400693372454563e-01 1.394650185851986635e-01
2.114265403278441924e-01 1.394665194847966860e-01
2.116065051926069307e-01 1.394681686098931395e-01
2.117815680151224067e-01 1.394697413991912160e-01
2.119523139907825426e-01 1.394710821083930963e-01
2.121185036099457744e-01 1.394722375981626017e-01
2.122810966107563091e-01 1.394734108808309281e-01
2.124437413373581884e-01 1.394746953697446890e-01
2.126101219915030871e-01 1.394758842815421729e-01
2.127812692861906774e-01 1.394765984442576379e-01
2.129569652815284375e-01 1.394765920429798800e-01
2.131377115342206197e-01 1.394758355275633188e-01
2.133249473004807384e-01 1.394743812239356562e-01
2.135203347147717479e-01 1.394723007298733497e-01
2.137249037518025585e-01 1.394697708275492165e-01
2.139380280355799302e-01 1.394671665695830787e-01
2.141566094444546930e-01 1.394650011432488068e-01
2.143754754106565186e-01 1.394636969901048851e-01
2.145893346038075800e-01 1.394633644703663355e-01
2.147948469826964080e-01 1.394637886220878586e-01
2.149912162618616840e-01 1.394646153213804085e-01
2.151794604820020662e-01 1.394655539787297005e-01
2.153613937256325106e-01 1.394664670404699713e-01
2.155389053535329558e-01 1.394673539226936321e-01
2.157135954658909172e-01 1.394682915774543563e-01
2.158866522252415043e-01 1.394693735477670338e-01
2.160588640273588268e-01 1.394706599263928759e-01
2.162312157600133622e-01 1.394721202172715946e-01
2.164046769424897987e-01 1.394735890378428766e-01
2.165799849136942345e-01 1.394748057613569292e-01
2.167582372525953260e-01 1.394754877296473239e-01
2.169409085161511375e-01 1.394753817618740177e-01
2.171297463665422256e-01 1.394743346191238409e-01
2.173264462372160311e-01 1.394723778466749609e-01
2.175319888082263287e-01 1.394697939476304549e-01
2.177456663118904623e-01 1.394670992762795658e-01
2.179643092328738818e-01 1.394648902461556317e-01
2.181827270211479097e-01 1.394635969587783297e-01
2.183956751156739817e-01 1.394633173872354692e-01
2.185998983680614294e-01 1.394638767588978201e-01
2.187946917167027661e-01 1.394650193160601181e-01
2.189811515208998360e-01 1.394665210261131771e-01
2.191611047426003933e-01 1.394681709293937588e-01
2.193361582778082242e-01 1.394697442882396332e-01
2.195068990449329516e-01 1.394710851676465302e-01
2.196730875616622336e-01 1.394722403054289295e-01
2.198356822701340030e-01 1.394734127779945487e-01
2.199983301644653499e-01 1.394746962375695010e-01
2.201647153906420573e-01 1.394758842115709496e-01
2.203358699489098571e-01 1.394765977588328376e-01
2.205115767437544061e-01 1.394765910508562468e-01
2.206923360401625844e-01 1.394758343392899780e-01
2.208795839027983821e-01 1.394743797834438470e-01
2.210749791172988976e-01 1.394722989895858245e-01
2.212795501185191582e-01 1.394697689063139623e-01
2.214926718461404653e-01 1.394671647408918247e-01
2.217112494310439497e-01 1.394649996746068488e-01
2.219301126145614700e-01 1.394636960509930967e-01
2.221439692842233915e-01 1.394633642118039696e-01
2.223494768010895184e-01 1.394637892539909996e-01
2.225458372795198758e-01 1.394646170336650282e-01
2.227340692912041786e-01 1.394655567761111381e-01
2.229159889292663399e-01 1.394664706387576669e-01
2.230934879858111064e-01 1.394673577749119542e-01
2.232681686712531810e-01 1.394682950116769848e-01
2.234412205826739328e-01 1.394693759557427137e-01
2.236134327921391052e-01 1.394706609353513205e-01
2.237857900900087904e-01 1.394721197857682060e-01
2.239592613701794355e-01 1.394735874447215473e-01
2.241345828832212173e-01 1.394748034864647934e-01
2.243128504993701922e-01 1.394754852741478812e-01
2.244955365229604483e-01 1.394753794892596432e-01
2.246843861312806945e-01 1.394743326762868385e-01
2.248810926832530699e-01 1.394723761916297489e-01
2.250866361711957586e-01 1.394697924636322528e-01
2.253003103791193784e-01 1.394670979040439629e-01
2.255189490535548236e-01 1.394648890389648122e-01
2.257373640149378524e-01 1.394635960326019442e-01
2.259503099241346735e-01 1.394633168656898847e-01
2.261545288704196466e-01 1.394638767839439797e-01
2.263493140819331229e-01 1.394650200469185197e-01
2.265357627080994141e-01 1.394665225664247499e-01
2.267157042920729115e-01 1.394681732474621627e-01
2.268907485421051140e-01 1.394697471761141006e-01
2.270614841016749819e-01 1.394710882264836305e-01
2.272276715180248652e-01 1.394722430131121182e-01
2.273902679378227709e-01 1.394734146760618076e-01
2.275529190038788341e-01 1.394746971062075236e-01
2.277193088043634184e-01 1.394758841417204076e-01
2.278904706254876733e-01 1.394765970725005133e-01
2.280661882170736121e-01 1.394765900569785166e-01
2.282469605549856395e-01 1.394758331490208725e-01
2.284342205142702587e-01 1.394743783414207627e-01
2.286296235312496317e-01 1.394722972487233703e-01
2.288341964975783294e-01 1.394697669855359257e-01
2.290473156641811003e-01 1.394671629134334734e-01
2.292658894135955194e-01 1.394649982076771599e-01
2.294847498019254861e-01 1.394636951137643577e-01
2.296986039421113623e-01 1.394633639547973314e-01
2.299041065997333988e-01 1.394637898865843384e-01
2.301004582856940595e-01 1.394646187455831354e-01
2.302886780980258619e-01 1.394655595724014485e-01
2.304705841372726993e-01 1.394664742359241760e-01
2.306480706257356683e-01 1.394673616266672300e-01
2.308227418845120171e-01 1.394682984464117870e-01
2.309957889464641645e-01 1.394693783649845475e-01
2.311680015612264105e-01 1.394706619456730079e-01
2.313403644226629530e-01 1.394721193549319782e-01
2.315138457997865662e-01 1.394735858509870419e-01
2.316891808551408138e-01 1.394748012095598511e-01
2.318674637504362923e-01 1.394754828156494764e-01
2.320501645373299615e-01 1.394753772134676995e-01
2.322390259075857166e-01 1.394743307310132019e-01
2.324357391439803577e-01 1.394723745355930522e-01
2.326412835483011032e-01 1.394697909803089275e-01
2.328549544533913829e-01 1.394670965338249136e-01
2.330735888680635637e-01 1.394648878344985077e-01
2.332920009892486268e-01 1.394635951092120796e-01
2.335049447070545459e-01 1.394633163464006342e-01
2.337091593502697018e-01 1.394638768102184068e-01
2.339039364329249249e-01 1.394650207777749507e-01
2.340903738894384301e-01 1.394665241057316818e-01
2.342703038410296756e-01 1.394681755640974075e-01
2.344453388080249834e-01 1.394697500628121756e-01
2.346160691610223725e-01 1.394710912849015660e-01
2.347822554790444938e-01 1.394722457212100031e-01
2.349448536138305510e-01 1.394734165750318999e-01
2.351075078556055797e-01 1.394746979756597560e-01
2.352739022326754970e-01 1.394758840719931836e-01
2.354450713159334518e-01 1.394765963852641899e-01
2.356207997014916899e-01 1.394765890613496873e-01
2.358015850786867318e-01 1.394758319567579175e-01
2.359888571348834896e-01 1.394743768978670695e-01
2.361842679566046876e-01 1.394722955072857373e-01
2.363888428889630855e-01 1.394697650652145238e-01
2.366019594896963396e-01 1.394671610872075251e-01
2.368205293921155086e-01 1.394649967424590187e-01
2.370393869727558944e-01 1.394636941784178907e-01
2.372532385774694941e-01 1.394633636993461434e-01
2.374587363786169469e-01 1.394637905198683470e-01
2.376550792803709955e-01 1.394646204571355075e-01
2.378432869024594276e-01 1.394655623676007983e-01
2.380251793496533375e-01 1.394664778319684995e-01
2.382026532733176050e-01 1.394673654779573502e-01
2.383773151056836903e-01 1.394683018816563203e-01
2.385503573166293800e-01 1.394693807754913417e-01
2.387225703346355643e-01 1.394706629573584933e-01
2.388949387579863415e-01 1.394721189247651594e-01
2.390684302313165754e-01 1.394735842566425521e-01
2.392437788294524137e-01 1.394747989306451275e-01
2.394220770057861880e-01 1.394754803541538302e-01
2.396047925592458550e-01 1.394753749344985194e-01
2.397936656954390566e-01 1.394743287833020429e-01
2.399903856193796037e-01 1.394723728785629835e-01
2.401959309395311493e-01 1.394697894976585917e-01
2.404095985347080022e-01 1.394670951656211411e-01
2.406282286764112044e-01 1.394648866327561632e-01
2.408466379440895588e-01 1.394635941886087638e-01
2.410595794644321277e-01 1.394633158293683284e-01
2.412637898076008813e-01 1.394638768377220728e-01
2.414585587696667646e-01 1.394650215086305489e-01
2.416449850649120268e-01 1.394665256440344170e-01
2.418249033894755151e-01 1.394681778792984383e-01
2.419999290755802390e-01 1.394697529483316656e-01
2.421706542229888071e-01 1.394710943428975336e-01
2.423368394447321383e-01 1.394722484297202247e-01
2.424994392981650593e-01 1.394734184749039929e-01
2.426620967196524703e-01 1.394746988459272252e-01
2.428284956755865087e-01 1.394758840023919699e-01
2.429996720202562410e-01 1.394765956971271981e-01
2.431754111970143295e-01 1.394765880639727562e-01
2.433562096112631135e-01 1.394758307625028615e-01
2.435434937646250020e-01 1.394743754527833779e-01
2.437389123933448309e-01 1.394722937652726757e-01
2.439434892926565235e-01 1.394697631453491460e-01
2.441566033226804933e-01 1.394671592622133416e-01
2.443751693666103286e-01 1.394649952789517589e-01
2.445940241270598559e-01 1.394636932449529465e-01
2.448078731902957050e-01 1.394633634454501836e-01
2.450133661377292549e-01 1.394637911538435804e-01
2.452097002635374723e-01 1.394646221683228937e-01
2.453978957044970766e-01 1.394655651617094649e-01
2.455797745664098641e-01 1.394664814268894992e-01
2.457572359285675190e-01 1.394673693287800942e-01
2.459318883347842710e-01 1.394683053174082532e-01
2.461049256931868712e-01 1.394693831872617362e-01
2.462771391123812492e-01 1.394706639704082485e-01
2.464495130959896418e-01 1.394721184952700255e-01
2.466230146647747923e-01 1.394735826616913810e-01
2.467983768061554339e-01 1.394747966497235925e-01
2.469766902654128293e-01 1.394754778896628578e-01
2.471594205886941953e-01 1.394753726523522974e-01
2.473483054948222293e-01 1.394743268331521402e-01
2.475450321094328499e-01 1.394723712205376831e-01
2.477505783448747390e-01 1.394697880156794967e-01
2.479642426230705410e-01 1.394670937994314242e-01
2.481828684786088202e-01 1.394648854337370847e-01
2.484012748794697523e-01 1.394635932707919412e-01
2.486142141962657814e-01 1.394633153145934390e-01
2.488184202424026659e-01 1.394638768664560324e-01
2.490131810921468458e-01 1.394650222394862860e-01
2.491995962345154303e-01 1.394665271813332330e-01
2.493795029374154260e-01 1.394681801930642562e-01
2.495545193447829546e-01 1.394697558326701281e-01
2.497252392875876914e-01 1.394710974004685355e-01
2.498914234150986513e-01 1.394722511386405905e-01
2.500540249908341783e-01 1.394734203756773649e-01
2.502166855960266112e-01 1.394746997170109581e-01
2.503830891331049746e-01 1.394758839329193756e-01
2.505542727384651447e-01 1.394765950080929517e-01
2.507300227036472484e-01 1.394765870648507766e-01
2.509108341527117592e-01 1.394758295662577030e-01
2.510981304034815009e-01 1.394743740061704096e-01
2.512935568414507714e-01 1.394722920226839635e-01
2.514981357086418234e-01 1.394697612259392649e-01
2.517112471631279824e-01 1.394671574384503399e-01
2.519298093370860858e-01 1.394649938171545478e-01
2.521486612648445313e-01 1.394636923133687201e-01
2.523625077805884409e-01 1.394633631931092299e-01
2.525679958770590816e-01 1.394637917885105383e-01
2.527643212351803892e-01 1.394646238791461823e-01
2.529525045041309816e-01 1.394655679547276428e-01
2.531343697875441112e-01 1.394664850206862594e-01
2.533118185914962073e-01 1.394673731791333526e-01
2.534864615718302461e-01 1.394683087536652821e-01
2.536594940761538464e-01 1.394693856002943433e-01
2.538317078944783978e-01 1.394706649848227731e-01
2.540040874366832901e-01 1.394721180664489357e-01
2.541775991001667401e-01 1.394735810661366648e-01
2.543529747852493750e-01 1.394747943667982160e-01
2.545313035293088610e-01 1.394754754221784188e-01
2.547140486256613268e-01 1.394753703670294498e-01
2.549029453057168326e-01 1.394743248805625224e-01
2.550996786141218053e-01 1.394723695615153747e-01
2.553052257643209644e-01 1.394697865343696996e-01
2.555188867184805535e-01 1.394670924352543750e-01
2.557375082746677908e-01 1.394648842374406894e-01
2.559559117953986163e-01 1.394635923557614454e-01
2.561688489025544246e-01 1.394633148020765212e-01
2.563730506546647026e-01 1.394638768964213682e-01
2.565678034003538999e-01 1.394650229703432998e-01
2.567542073982437834e-01 1.394665287176284074e-01
2.569341024848542654e-01 1.394681825053938895e-01
2.571091096156451483e-01 1.394697587158252872e-01
2.572798243548325980e-01 1.394711004576118518e-01
2.574460073901549406e-01 1.394722538479687968e-01
2.576086106918458740e-01 1.394734222773511834e-01
2.577712744847349691e-01 1.394747005889119540e-01
2.579376826052390270e-01 1.394758838635779263e-01
2.581088734705691001e-01 1.394765943181647816e-01
2.582846342213958590e-01 1.394765860639867183e-01
2.584654587030300044e-01 1.394758283680242461e-01
2.586527670514403021e-01 1.394743725580286087e-01
2.588482013009029692e-01 1.394722902795193231e-01
2.590527821369018047e-01 1.394697593069842700e-01
2.592658910110335335e-01 1.394671556159178261e-01
2.594844493035488586e-01 1.394649923570667749e-01
2.597032983861172206e-01 1.394636913836645453e-01
2.599171423483455645e-01 1.394633629423230603e-01
2.601226255965953249e-01 1.394637924238697479e-01
2.603189421952865068e-01 1.394646255896061504e-01
2.605071133013531215e-01 1.394655707466554984e-01
2.606889650130572722e-01 1.394664886133577253e-01
2.608664012621143558e-01 1.394673770290149051e-01
2.610410348168374361e-01 1.394683121904249368e-01
2.612140624655474030e-01 1.394693880145879139e-01
2.613862766809416094e-01 1.394706660006025667e-01
2.615586617800779723e-01 1.394721176383040273e-01
2.617321835374976091e-01 1.394735794699815956e-01
2.619075727667334319e-01 1.394747920818721065e-01
2.620859167974670667e-01 1.394754729517022618e-01
2.622686766701334826e-01 1.394753680785301708e-01
2.624575851281045202e-01 1.394743229255320516e-01
2.626543251334281792e-01 1.394723679014941986e-01
2.628598731978584180e-01 1.394697850537273964e-01
2.630735308209392609e-01 1.394670910730887448e-01
2.632921480645988854e-01 1.394648830438663945e-01
2.635105486918856155e-01 1.394635914435173041e-01
2.637234835832961144e-01 1.394633142918181024e-01
2.639276810443760279e-01 1.394638769276191070e-01
2.641224256942761306e-01 1.394650237012026173e-01
2.643088185560922287e-01 1.394665302529203843e-01
2.644887020317972515e-01 1.394681848162863391e-01
2.646636998881791714e-01 1.394697615977948668e-01
2.648344094247375158e-01 1.394711035143244848e-01
2.650005913699117754e-01 1.394722565577025952e-01
2.651631964012077236e-01 1.394734241799246433e-01
2.653258633857845106e-01 1.394747014616311842e-01
2.654922760919969926e-01 1.394758837943703145e-01
2.656634742165775442e-01 1.394765936273461293e-01
2.658392457502661843e-01 1.394765850613836899e-01
2.660200832622147682e-01 1.394758271678044059e-01
2.662074037084881661e-01 1.394743711083588633e-01
2.664028457716824394e-01 1.394722885357786157e-01
2.666074285774197583e-01 1.394697573884836617e-01
2.668205348663911236e-01 1.394671537946153284e-01
2.670390892660048920e-01 1.394649908986876075e-01
2.672579354908850013e-01 1.394636904558396728e-01
2.674717768935654938e-01 1.394633626930913972e-01
2.676772552963270768e-01 1.394637930599216813e-01
2.678735631438424192e-01 1.394646272997035474e-01
2.680617220961559188e-01 1.394655735374933647e-01
2.682435602429514843e-01 1.394664922049028699e-01
2.684209839404326781e-01 1.394673808784226143e-01
2.685956080698220227e-01 1.394683156276849412e-01
2.687686308613848607e-01 1.394693904301410881e-01
2.689408454717857611e-01 1.394706670177481289e-01
2.691132361261843187e-01 1.394721172108376595e-01
2.692867679767730338e-01 1.394735778732293929e-01
2.694621707506076880e-01 1.394747897949482340e-01
2.696405300698802576e-01 1.394754704782363020e-01
2.698233047220965353e-01 1.394753657868547936e-01
2.700122249619669734e-01 1.394743209680597007e-01
2.702089716673333752e-01 1.394723662404723230e-01
2.704145206454760531e-01 1.394697835737507274e-01
2.706281749304482176e-01 1.394670897129332565e-01
2.708467878484135394e-01 1.394648818530134782e-01
2.710651855689399925e-01 1.394635905340593784e-01
2.712781182384896850e-01 1.394633137838187653e-01
2.714823114115264557e-01 1.394638769600503592e-01
2.716770479739022970e-01 1.394650244320653487e-01
2.718634297080558815e-01 1.394665317872094412e-01
2.720433015782489083e-01 1.394681871257406336e-01
2.722182901623968476e-01 1.394697644785765633e-01
2.723889944973159616e-01 1.394711065706037145e-01
2.725551753543805633e-01 1.394722592678396822e-01
2.727177821189274987e-01 1.394734260833968842e-01
2.728804522991820636e-01 1.394747023351697313e-01
2.730468695933872536e-01 1.394758837252991490e-01
2.732180749764995253e-01 1.394765929356404366e-01
2.733938572902636643e-01 1.394765840570445503e-01
2.735747078302633306e-01 1.394758259656000421e-01
2.737620403746121589e-01 1.394743696571616731e-01
2.739574902537697532e-01 1.394722867914615083e-01
2.741620750301785869e-01 1.394697554704368014e-01
2.743751787291954236e-01 1.394671519745421251e-01
2.745937292244601258e-01 1.394649894420163516e-01
2.748125725791554785e-01 1.394636895298934365e-01
2.750264114162460638e-01 1.394633624454139631e-01
2.752318849762430686e-01 1.394637936966668101e-01
2.754281840808352477e-01 1.394646290094392338e-01
2.756163308885316576e-01 1.394655763272414639e-01
2.757981554772277466e-01 1.394664957953206108e-01
2.759755666264614993e-01 1.394673847273542877e-01
2.761501813308003817e-01 1.394683190654429084e-01
2.763231992636832057e-01 1.394693928469525612e-01
2.764954142670258963e-01 1.394706680362600149e-01
2.766678104750127654e-01 1.394721167840519971e-01
2.768413524179982876e-01 1.394735762758833320e-01
2.770167687368709220e-01 1.394747875060295406e-01
2.771951433465410508e-01 1.394754680017824267e-01
2.773779327815371065e-01 1.394753634920036511e-01
2.775668648072859290e-01 1.394743190081443873e-01
2.777636182158194633e-01 1.394723645784478883e-01
2.779691681071628229e-01 1.394697820944378330e-01
2.781828190470085893e-01 1.394670883547866058e-01
2.784014276261227994e-01 1.394648806648814132e-01
2.786198224265710732e-01 1.394635896273876408e-01
2.788327528681335266e-01 1.394633132780789819e-01
2.790369417561050502e-01 1.394638769937161515e-01
2.792316702392205197e-01 1.394650251629325488e-01
2.794180408541300786e-01 1.394665333204959390e-01
2.795979011242144541e-01 1.394681894337558015e-01
2.797728804383102785e-01 1.394697673581680175e-01
2.799435795725811471e-01 1.394711096264465988e-01
2.801097593435719624e-01 1.394722619783778650e-01
2.802723678450134703e-01 1.394734279877671290e-01
2.804350412249344560e-01 1.394747032095284556e-01
2.806014631094181366e-01 1.394758836563670668e-01
2.807726757503442028e-01 1.394765922430509786e-01
2.809484688413941833e-01 1.394765830509724636e-01
2.811293324071729161e-01 1.394758247614130420e-01
2.813166770497994018e-01 1.394743682044376765e-01
2.815121347471454261e-01 1.394722850465678343e-01
2.817167214951614707e-01 1.394697535528431342e-01
2.819298225994407714e-01 1.394671501556976612e-01
2.821483691789210546e-01 1.394649879870522580e-01
2.823672096509354801e-01 1.394636886058248926e-01
2.825810459163860533e-01 1.394633621992906192e-01
2.827865146363326421e-01 1.394637943341056896e-01
2.829828050062515588e-01 1.394646307188140422e-01
2.831709396784721777e-01 1.394655791158999625e-01
2.833527507158882797e-01 1.394664993846100320e-01
2.835301493202115886e-01 1.394673885758077880e-01
2.837047545997882780e-01 1.394683225036965069e-01
2.838777676724597021e-01 1.394693952650210012e-01
2.840499830666770031e-01 1.394706690561385853e-01
2.842223848265740260e-01 1.394721163579493439e-01
2.843959368611790883e-01 1.394735746779465213e-01
2.845713667255229118e-01 1.394747852151191347e-01
2.847497566274423964e-01 1.394754655223424400e-01
2.849325608484410965e-01 1.394753611939769933e-01
2.851215046640429573e-01 1.394743170457851122e-01
2.853182647788683468e-01 1.394723629154191180e-01
2.855238155829071811e-01 1.394697806157868258e-01
2.857374631706220969e-01 1.394670869986474604e-01
2.859560673977377676e-01 1.394648794794694779e-01
2.861744592647883501e-01 1.394635887235019800e-01
2.863873874722265289e-01 1.394633127745993073e-01
2.865915720781016529e-01 1.394638770286175111e-01
2.867862924902193633e-01 1.394650258938052723e-01
2.869726519943094911e-01 1.394665348527802107e-01
2.871525006696984406e-01 1.394681917403308158e-01
2.873274707159316210e-01 1.394697702365669811e-01
2.874981646505470056e-01 1.394711126818502789e-01
2.876643433374966308e-01 1.394722646893147289e-01
2.878269535794730771e-01 1.394734298930345173e-01
2.879896301630492927e-01 1.394747040847084119e-01
2.881560566400977463e-01 1.394758835875765379e-01
2.883272765381205138e-01 1.394765915495812247e-01
2.885030804036632368e-01 1.394765820431703718e-01
2.886839569929405269e-01 1.394758235552453207e-01
2.888713137340366277e-01 1.394743667501876228e-01
2.890667792517903067e-01 1.394722833010973717e-01
2.892713679723510900e-01 1.394697516357021050e-01
2.894844664771212828e-01 1.394671483380813537e-01
2.897030091293933962e-01 1.394649865337946049e-01
2.899218467062328330e-01 1.394636876836334305e-01
2.901356803939832418e-01 1.394633619547210046e-01
2.903411442765847505e-01 1.394637949722387915e-01
2.905374259200781406e-01 1.394646324278286942e-01
2.907255484659694855e-01 1.394655819034691935e-01
2.909073459589340827e-01 1.394665029727701344e-01
2.910847320216935485e-01 1.394673924237809781e-01
2.912593278768020877e-01 1.394683259424433219e-01
2.914323360877317248e-01 1.394693976843450478e-01
2.916045518707530704e-01 1.394706700773843955e-01
2.917769591808785923e-01 1.394721159325318649e-01
2.919505213063205429e-01 1.394735730794221806e-01
2.921259647165632134e-01 1.394747829222199031e-01
2.923043699125769668e-01 1.394754630399182016e-01
2.924871889227950161e-01 1.394753588927751531e-01
2.926761445322195732e-01 1.394743150809807930e-01
2.928729113564618736e-01 1.394723612513841804e-01
2.930784630726980811e-01 1.394697791377959017e-01
2.932921073012897950e-01 1.394670856445145712e-01
2.935107071632694353e-01 1.394648782967770617e-01
2.937290960836011489e-01 1.394635878224023129e-01
2.939420220507675263e-01 1.394633122733802133e-01
2.941462023775054946e-01 1.394638770647554649e-01
2.943409147268874482e-01 1.394650266246846293e-01
2.945272631285895670e-01 1.394665363840627004e-01
2.947071002147060303e-01 1.394681940454647884e-01
2.948820609952729765e-01 1.394697731137711505e-01
2.950527497312269154e-01 1.394711157368119514e-01
2.952189273361658373e-01 1.394722674006481644e-01
2.953815393223142571e-01 1.394734317991982719e-01
2.955442191135329022e-01 1.394747049607105993e-01
2.957106501854346314e-01 1.394758835189303103e-01
2.958818773398379509e-01 1.394765908552344780e-01
2.960576919770770421e-01 1.394765810336413558e-01
2.962385815875634987e-01 1.394758223470987657e-01
2.964259504273112911e-01 1.394743652944121781e-01
2.966214237676851884e-01 1.394722815550499262e-01
2.968260144617308471e-01 1.394697497190131863e-01
2.970391103622312401e-01 1.394671465216925366e-01
2.972576490758834233e-01 1.394649850822426707e-01
2.974764837450544763e-01 1.394636867633182453e-01
2.976903148490360196e-01 1.394633617117048974e-01
2.978957738969881253e-01 1.394637956110665877e-01
2.980920468223019482e-01 1.394646341364840780e-01
2.982801572510160870e-01 1.394655846899492957e-01
2.984619412063667654e-01 1.394665065597997800e-01
2.986393147309179263e-01 1.394673962712716375e-01
2.988139011618577423e-01 1.394683293816810221e-01
2.989869045095163158e-01 1.394694001049234244e-01
2.991591206792698077e-01 1.394706710999978894e-01
2.993315335379373998e-01 1.394721155078018915e-01
2.995051057534283134e-01 1.394735714803135573e-01
2.996805627099914382e-01 1.394747806273349544e-01
2.998589832019377122e-01 1.394754605545115989e-01
3.000418170045849875e-01 1.394753565883984914e-01
3.002307844117976243e-01 1.394743131137303471e-01
3.004275579485813918e-01 1.394723595863412158e-01
3.006331105765243095e-01 1.394697776604632566e-01
3.008467514390130715e-01 1.394670842923865783e-01
3.010653469227291268e-01 1.394648771168035539e-01
3.012837328830190731e-01 1.394635869240886394e-01
3.014966566037547979e-01 1.394633117744222828e-01
3.017008326543060281e-01 1.394638771021311507e-01
3.018955369492130059e-01 1.394650273555717024e-01
3.020818742569655324e-01 1.394665379143436301e-01
3.022616997592416643e-01 1.394681963491566645e-01
3.024366512763459469e-01 1.394697759897781109e-01
3.026073348146344766e-01 1.394711187913287020e-01
3.027735113395905731e-01 1.394722701123757569e-01
3.029361250735450595e-01 1.394734337062574492e-01
3.030988080763926673e-01 1.394747058375359616e-01
3.032652437454370631e-01 1.394758834504309097e-01
3.034364781555053403e-01 1.394765901600142077e-01
3.036123035616407617e-01 1.394765800223884689e-01
3.037932061910391668e-01 1.394758211369753198e-01
3.039805871296102913e-01 1.394743638371119809e-01
3.041760682948106975e-01 1.394722798084252202e-01
3.043806609632833116e-01 1.394697478027757120e-01
3.045937542547651478e-01 1.394671447065306824e-01
3.048122890183974643e-01 1.394649836323956504e-01
3.050311207674079039e-01 1.394636858448785599e-01
3.052449492815427767e-01 1.394633614702420477e-01
3.054504034975319970e-01 1.394637962505896334e-01
3.056466677129099363e-01 1.394646358447809431e-01
3.058347660336036555e-01 1.394655874753405744e-01
3.060165364581877712e-01 1.394665101456981082e-01
3.061938974478956021e-01 1.394674001182776568e-01
3.063684744549714511e-01 1.394683328214072204e-01
3.065414729378306280e-01 1.394694025267546877e-01
3.067136894922415924e-01 1.394706721239795666e-01
3.068861078977604406e-01 1.394721150837615886e-01
3.070596902025077291e-01 1.394735698806237878e-01
3.072351607058067535e-01 1.394747783304673139e-01
3.074135964955177491e-01 1.394754580661245746e-01
3.075964450937969663e-01 1.394753542808472302e-01
3.077854243027586811e-01 1.394743111440328032e-01
3.079822045552085830e-01 1.394723579202884478e-01
3.081877580943744865e-01 1.394697761837868366e-01
3.084013955837930365e-01 1.394670829422622604e-01
3.086199866761281663e-01 1.394648759395483439e-01
3.088383696630515041e-01 1.394635860285607376e-01
3.090512911311875666e-01 1.394633112777260431e-01
3.092554629084930395e-01 1.394638771407455125e-01
3.094501591571844346e-01 1.394650280864676017e-01
3.096364853794320582e-01 1.394665394436234995e-01
3.098162993033101720e-01 1.394681986514055561e-01
3.099912415591627446e-01 1.394697788645856973e-01
3.101619199007832894e-01 1.394711218453976442e-01
3.103280953477813298e-01 1.394722728244952303e-01
3.104907108331730892e-01 1.394734356142113274e-01
3.106533970516351384e-01 1.394747067151854147e-01
3.108198373201133125e-01 1.394758833820809174e-01
3.109910789851319524e-01 1.394765894639238002e-01
3.111669151573603909e-01 1.394765790094146252e-01
3.113478308033644781e-01 1.394758199248768704e-01
3.115352238409206942e-01 1.394743623782877251e-01
3.117307128331476274e-01 1.394722780612231150e-01
3.119353074769918299e-01 1.394697458869892104e-01
3.121483981547173436e-01 1.394671428925950973e-01
3.123669289569411256e-01 1.394649821842529058e-01
3.125857577733003878e-01 1.394636849283136526e-01
3.127995836915018479e-01 1.394633612303321779e-01
3.130050330782056522e-01 1.394637968908083447e-01
3.132012885918882827e-01 1.394646375527200666e-01
3.133893748137244750e-01 1.394655902596433350e-01
3.135711317143987098e-01 1.394665137304640645e-01
3.137484801726369010e-01 1.394674039647969266e-01
3.139230477561594235e-01 1.394683362616195854e-01
3.140960413726917588e-01 1.394694049498375332e-01
3.142682583096831905e-01 1.394706731493298435e-01
3.144406822603587615e-01 1.394721146604132600e-01
3.146142746535643964e-01 1.394735682803561472e-01
3.147897587040089373e-01 1.394747760316198959e-01
3.149682097933094727e-01 1.394754555747588498e-01
3.151510731904174634e-01 1.394753519701217304e-01
3.153400642050842584e-01 1.394743091718870787e-01
3.155368511763255168e-01 1.394723562532240169e-01
3.157424056262377876e-01 1.394697747077649763e-01
3.159560397356311889e-01 1.394670815941402020e-01
3.161746264234774895e-01 1.394648747650107379e-01
3.163930064237080453e-01 1.394635851358186074e-01
3.166059256330639449e-01 1.394633107832919383e-01
3.168100931400558706e-01 1.394638771805997157e-01
3.170047813507902990e-01 1.394650288173733543e-01
3.171910964959844259e-01 1.394665409719025306e-01
3.173708988469163828e-01 1.394682009522103805e-01
3.175458318437353045e-01 1.394697817381915506e-01
3.177165049896868987e-01 1.394711248990159469e-01
3.178826793607492096e-01 1.394722755370043366e-01
3.180452966012062288e-01 1.394734375230589907e-01
3.182079860392675874e-01 1.394747075936600134e-01
3.183744309094714842e-01 1.394758833138829146e-01
3.185456798287271130e-01 1.394765887669665860e-01
3.187215267642419803e-01 1.394765779947229334e-01
3.189024554245367682e-01 1.394758187108053604e-01
3.190898605612296768e-01 1.394743609179400490e-01
3.192853573826767155e-01 1.394722763134433607e-01
3.194899540028390827e-01 1.394697439716531262e-01
3.197030420620815550e-01 1.394671410798852540e-01
3.199215688915209022e-01 1.394649807378136597e-01
3.201403947627393110e-01 1.394636840136227462e-01
3.203542180789113458e-01 1.394633609919750106e-01
3.205596626389978776e-01 1.394637975317232492e-01
3.207559094592244420e-01 1.394646392603023644e-01
3.209439835913708294e-01 1.394655930428576607e-01
3.211257269750010246e-01 1.394665173140966219e-01
3.213030629051520370e-01 1.394674078108271986e-01
3.214776210654375910e-01 1.394683397023157301e-01
3.216506098141168613e-01 1.394694073741706564e-01
3.218228271316097011e-01 1.394706741760492474e-01
3.219952566257430759e-01 1.394721142377590983e-01
3.221688591066038665e-01 1.394735666795137441e-01
3.223443567045973235e-01 1.394747737307958368e-01
3.225228230953059438e-01 1.394754530804163950e-01
3.227057012944328784e-01 1.394753496562223805e-01
3.228947041187560929e-01 1.394743071972921467e-01
3.230914978119138192e-01 1.394723545851461188e-01
3.232970531721024443e-01 1.394697732323956774e-01
3.235106838945286389e-01 1.394670802480191540e-01
3.237292661647880321e-01 1.394648735931900418e-01
3.239476431649979116e-01 1.394635842458621655e-01
3.241605601093831557e-01 1.394633102911205236e-01
3.243647233489840298e-01 1.394638772216947042e-01
3.245594035300189972e-01 1.394650295482900149e-01
3.247457076066174175e-01 1.394665424991811953e-01
3.249254983900650151e-01 1.394682032515703052e-01
3.251004221300758390e-01 1.394697846105933670e-01
3.252710900813590156e-01 1.394711279521807790e-01
3.254372633785052593e-01 1.394722782499007441e-01
3.255998823776522499e-01 1.394734394327995786e-01
3.257625750392966757e-01 1.394747084729605902e-01
3.259290245135201824e-01 1.394758832458395381e-01
3.261002806862998704e-01 1.394765880691459514e-01
3.262761383822908035e-01 1.394765769783164189e-01
3.264570800545535945e-01 1.394758174947626772e-01
3.266444972905244160e-01 1.394743594560697297e-01
3.268400019433786996e-01 1.394722745650857909e-01
3.270446005408085277e-01 1.394697420567668489e-01
3.272576859768522861e-01 1.394671392684004863e-01
3.274762088221424561e-01 1.394649792930771626e-01
3.276950317357320008e-01 1.394636831008051192e-01
3.279088524437698271e-01 1.394633607551703514e-01
3.281142921798980150e-01 1.394637981733347909e-01
3.283105303149047582e-01 1.394646409675285581e-01
3.284985923665345586e-01 1.394655958249839955e-01
3.286803222399958258e-01 1.394665208965948644e-01
3.288576456454516683e-01 1.394674116563663913e-01
3.290321943828221074e-01 1.394683431434933230e-01
3.292051782621233658e-01 1.394694097997526416e-01
3.293773959580358901e-01 1.394706752041381670e-01
3.295498309939238202e-01 1.394721138158013241e-01
3.297234435616313020e-01 1.394735650780997982e-01
3.298989547075715234e-01 1.394747714279980511e-01
3.300774364014996132e-01 1.394754505830990421e-01
3.302603294058293892e-01 1.394753473391494025e-01
3.304493440437560881e-01 1.394743052202469524e-01
3.306461444619552270e-01 1.394723529160528941e-01
3.308517007319572434e-01 1.394697717576772189e-01
3.310653280604869408e-01 1.394670789038978398e-01
3.312839059000712849e-01 1.394648724240857285e-01
3.315022798869307064e-01 1.394635833586912455e-01
3.317151945601440333e-01 1.394633098012123817e-01
3.319193535352672475e-01 1.394638772640316438e-01
3.321140256948588165e-01 1.394650302792187491e-01
3.323003187113259815e-01 1.394665440254597988e-01
3.324800979327607320e-01 1.394682055494843309e-01
3.326550124181958390e-01 1.394697874817888983e-01
3.328256751758131848e-01 1.394711310048892261e-01
3.329918474010600815e-01 1.394722809631821492e-01
3.331544681625191462e-01 1.394734413434322584e-01
3.333171640517296197e-01 1.394747093530882276e-01
3.334836181322677340e-01 1.394758831779533137e-01
3.336548815578593286e-01 1.394765873704652548e-01
3.338307500115130222e-01 1.394765759601981348e-01
3.340117046934121259e-01 1.394758162767507359e-01
3.341991340287920331e-01 1.394743579926773780e-01
3.343946465152343173e-01 1.394722728161502390e-01
3.345992470908827898e-01 1.394697401423298233e-01
3.348123298990238195e-01 1.394671374581402390e-01
3.350308487488121156e-01 1.394649778500427206e-01
3.352496686922857294e-01 1.394636821898599666e-01
3.354634867860756819e-01 1.394633605199178672e-01
3.356689217008950732e-01 1.394637988156435249e-01
3.358651511589164085e-01 1.394646426743993972e-01
3.360532011392073914e-01 1.394655986060223951e-01
3.362349175093847786e-01 1.394665244779577096e-01
3.364122283935462310e-01 1.394674155014124228e-01
3.365867677083288489e-01 1.394683465851500048e-01
3.367597467167284808e-01 1.394694122265821845e-01
3.369319647889765790e-01 1.394706762335970740e-01
3.371044053649116523e-01 1.394721133945421576e-01
3.372780280186523649e-01 1.394735634761175291e-01
3.374535527129310375e-01 1.394747691232296471e-01
3.376320497118835973e-01 1.394754480828087340e-01
3.378149575245933400e-01 1.394753450189032407e-01
3.380039839800657031e-01 1.394743032407504690e-01
3.382007911264311995e-01 1.394723512459425663e-01
3.384063483057910271e-01 1.394697702836076580e-01
3.386199722335068163e-01 1.394670775617748992e-01
3.388385456293381282e-01 1.394648712576970484e-01
3.390569165895159776e-01 1.394635824743058194e-01
3.392698289853451898e-01 1.394633093135679569e-01
3.394739836988950876e-01 1.394638773076114502e-01
3.396686478452983771e-01 1.394650310101605561e-01
3.398549298101053440e-01 1.394665455507387575e-01
3.400346974750081408e-01 1.394682078459515140e-01
3.402096027081072949e-01 1.394697903517758686e-01
3.403802602730627291e-01 1.394711340571383740e-01
3.405464314284248339e-01 1.394722836768462759e-01
3.407090539558146891e-01 1.394734432549561143e-01
3.408717530765733583e-01 1.394747102340437306e-01
3.410382117657220213e-01 1.394758831102267671e-01
3.412094824434148133e-01 1.394765866709279101e-01
3.413853616519144096e-01 1.394765749403710786e-01
3.415663293411097534e-01 1.394758150567715071e-01
3.417537707760195387e-01 1.394743565277636876e-01
3.419492910982242506e-01 1.394722710666364829e-01
3.421538936530448272e-01 1.394697382283416331e-01
3.423669738285904374e-01 1.394671356491039016e-01
3.425854886715358760e-01 1.394649764087094457e-01
3.428043056324079352e-01 1.394636812807864834e-01
3.430181211058271895e-01 1.394633602862173638e-01
3.432235512019781720e-01 1.394637994586499230e-01
3.434197719912461810e-01 1.394646443809157699e-01
3.436078099093814453e-01 1.394656013859732202e-01
3.437895127831691600e-01 1.394665280581841860e-01
3.439668111494466052e-01 1.394674193459630451e-01
3.441413410419740249e-01 1.394683500272833332e-01
3.443143151779491373e-01 1.394694146546578695e-01
3.444865336244466447e-01 1.394706772644264403e-01
3.446589797387174525e-01 1.394721129739838195e-01
3.448326124776727175e-01 1.394735618735701288e-01
3.450081507206754772e-01 1.394747668164935950e-01
3.451866630264509572e-01 1.394754455795473302e-01
3.453695856507110196e-01 1.394753426954841169e-01
3.455586239276666749e-01 1.394743012588016695e-01
3.457554378053237509e-01 1.394723495748133868e-01
3.459609958935924157e-01 1.394697688101851629e-01
3.461746164135898196e-01 1.394670762216490278e-01
3.463931853525998861e-01 1.394648700940233910e-01
3.466115532727632176e-01 1.394635815927058320e-01
3.468244633849857372e-01 1.394633088281877764e-01
3.470286138398568920e-01 1.394638773524352338e-01
3.472232699813257994e-01 1.394650317411166018e-01
3.474095409029504533e-01 1.394665470750184044e-01
3.475892970168119045e-01 1.394682101409708830e-01
3.477641929998221970e-01 1.394697932205519464e-01
3.479348453731212487e-01 1.394711371089255025e-01
3.481010154606102858e-01 1.394722863908907928e-01
3.482636397575469278e-01 1.394734451673703690e-01
3.484263421138348304e-01 1.394747111158281261e-01
3.485928054138917043e-01 1.394758830426625629e-01
3.487640833429752063e-01 1.394765859705373312e-01
3.489399733035006279e-01 1.394765739188383313e-01
3.491209539976438680e-01 1.394758138348268506e-01
3.493084075321944426e-01 1.394743550613294358e-01
3.495039356923294038e-01 1.394722693165443284e-01
3.497085402272774868e-01 1.394697363148015290e-01
3.499216177655460891e-01 1.394671338412908634e-01
3.501401285903198990e-01 1.394649749690767826e-01
3.503589425561063342e-01 1.394636803735840036e-01
3.505727554030232951e-01 1.394633600540684804e-01
3.507781806831365423e-01 1.394638001023544016e-01
3.509743928118805867e-01 1.394646460870784532e-01
3.511624186770490597e-01 1.394656041648367206e-01
3.513441080613504131e-01 1.394665316372734609e-01
3.515213939131625609e-01 1.394674231900161210e-01
3.516959143837732338e-01 1.394683534698910043e-01
3.518688836458025992e-01 1.394694170839783920e-01
3.520411024644609643e-01 1.394706782966266823e-01
3.522135541153516569e-01 1.394721125541285023e-01
3.523871969386975223e-01 1.394735602704607891e-01
3.525627487308042318e-01 1.394747645077929477e-01
3.527412763451945876e-01 1.394754430733167183e-01
3.529242137841684390e-01 1.394753403688925586e-01
3.531132638865405182e-01 1.394742992743995547e-01
3.533100844986142852e-01 1.394723479026634128e-01
3.535156434953499738e-01 1.394697673374078462e-01
3.537292606007369500e-01 1.394670748835188934e-01
3.539478250698676054e-01 1.394648689330640345e-01
3.541661899366820854e-01 1.394635807138910333e-01
3.543790977590643432e-01 1.394633083450723676e-01
3.545832439581427242e-01 1.394638773985040769e-01
3.547778921029299259e-01 1.394650324720879409e-01
3.549641519898559805e-01 1.394665485982991282e-01
3.551438965581767415e-01 1.394682124345415219e-01
3.553187832933525359e-01 1.394697960881148557e-01
3.554894304760020107e-01 1.394711401602476419e-01
3.556555994976273172e-01 1.394722891053134239e-01
3.558182255677233563e-01 1.394734470806740234e-01
3.559809311635208084e-01 1.394747119984422468e-01
3.561473990767845543e-01 1.394758829752631990e-01
3.563186842565497781e-01 1.394765852692967933e-01
3.564945849662775057e-01 1.394765728956029183e-01
3.566755786630116387e-01 1.394758126109187923e-01
3.568630442973035333e-01 1.394743535933752610e-01
3.570585802975305700e-01 1.394722675658735256e-01
3.572631868135638378e-01 1.394697344017090390e-01
3.574762617098850570e-01 1.394671320347004584e-01
3.576947685051699577e-01 1.394649735311438710e-01
3.579135794633880874e-01 1.394636794682516390e-01
3.581273896776620558e-01 1.394633598234709670e-01
3.583328101443591374e-01 1.394638007467574881e-01
3.585290136208066913e-01 1.394646477928883077e-01
3.587170274422020189e-01 1.394656069426131739e-01
3.588987033439295371e-01 1.394665352152243409e-01
3.590759766847047563e-01 1.394674270335695410e-01
3.592504877337427405e-01 1.394683569129706313e-01
3.594234521203055754e-01 1.394694195145423365e-01
3.595956713090343593e-01 1.394706793301982439e-01
3.597681284948248681e-01 1.394721121349783988e-01
3.599417814017326078e-01 1.394735586667926186e-01
3.601173467433171349e-01 1.394747621971307305e-01
3.602958896681071055e-01 1.394754405641187578e-01
3.604788419249520537e-01 1.394753380391287323e-01
3.606679038566689144e-01 1.394742972875431253e-01
3.608647312062846502e-01 1.394723462294909511e-01
3.610702911110523217e-01 1.394697658652738481e-01
3.612839047949496507e-01 1.394670735473831913e-01
3.615024647811522773e-01 1.394648677748183963e-01
3.617208265812825174e-01 1.394635798378613956e-01
3.619337321075800640e-01 1.394633078642221746e-01
3.621378740537419816e-01 1.394638774458190067e-01
3.623325142100988216e-01 1.394650332030756834e-01
3.625187630708168185e-01 1.394665501205813174e-01
3.626984960991072038e-01 1.394682147266624594e-01
3.628733735887099687e-01 1.394697989544623484e-01
3.630440155817190595e-01 1.394711432111019611e-01
3.632101835394870859e-01 1.394722918201118100e-01
3.633728113863519682e-01 1.394734489948663003e-01
3.635355202256383977e-01 1.394747128818871473e-01
3.637019927544093978e-01 1.394758829080312290e-01
3.638732851841479099e-01 1.394765845672097659e-01
3.640491966402509827e-01 1.394765718706679203e-01
3.642302033372107339e-01 1.394758113850491921e-01
3.644176810713344317e-01 1.394743521239018846e-01
3.646132249138084869e-01 1.394722658146240191e-01
3.648178334118868937e-01 1.394697324890636914e-01
3.650309056616012349e-01 1.394671302293321591e-01
3.652494084160924359e-01 1.394649720949100169e-01
3.654682163542605222e-01 1.394636785647887234e-01
3.656820239297419728e-01 1.394633595944245741e-01
3.658874395856357431e-01 1.394638013918596819e-01
3.660836344180112278e-01 1.394646494983460272e-01
3.662716362048323293e-01 1.394656097193027744e-01
3.664532986309078644e-01 1.394665387920359656e-01
3.666305594640836829e-01 1.394674308766212512e-01
3.668050610918988652e-01 1.394683603565199104e-01
3.669780206014759405e-01 1.394694219463483986e-01
3.671502401581817066e-01 1.394706803651415694e-01
3.673227028771478553e-01 1.394721117165357849e-01
3.674963658667834143e-01 1.394735570625689480e-01
3.676719447582136868e-01 1.394747598845098857e-01
3.678505029951812944e-01 1.394754380519554193e-01
3.680334700730482633e-01 1.394753357061930543e-01
3.682225438380335447e-01 1.394742952982313267e-01
3.684193779283165826e-01 1.394723445552941421e-01
3.686249387406884126e-01 1.394697643937813369e-01
3.688385489962288100e-01 1.394670722132405338e-01
3.690571044864650596e-01 1.394648666192857822e-01
3.692754632065737286e-01 1.394635789646168633e-01
3.694883664305317894e-01 1.394633073856377803e-01
3.696925041266442835e-01 1.394638774943810500e-01
3.698871363028211623e-01 1.394650339340808565e-01
3.700733741458279713e-01 1.394665516418653328e-01
3.702530956396077322e-01 1.394682170173328073e-01
3.704279638859064305e-01 1.394698018195920930e-01
3.705986006902854402e-01 1.394711462614855180e-01
3.707647675862003611e-01 1.394722945352836474e-01
3.709273972134409236e-01 1.394734509099462283e-01
3.710901093001944262e-01 1.394747137661636327e-01
3.712565864467745613e-01 1.394758828409692619e-01
3.714278861257789277e-01 1.394765838642795797e-01
3.716038083254269986e-01 1.394765708440363627e-01
3.717848280202383227e-01 1.394758101572201037e-01
3.719723178542742037e-01 1.394743506529100840e-01
3.721678695411437809e-01 1.394722640627955590e-01
3.723724800222292797e-01 1.394697305768648754e-01
3.725855496206889605e-01 1.394671284251853272e-01
3.728040483230931068e-01 1.394649706603744710e-01
3.730228532287310217e-01 1.394636776631943964e-01
3.732366581592616028e-01 1.394633593669290239e-01
3.734420690069549242e-01 1.394638020376614274e-01
3.736382552034809845e-01 1.394646512034525276e-01
3.738262449649316088e-01 1.394656124949058551e-01
3.740078939222867271e-01 1.394665423677073357e-01
3.741851422513095549e-01 1.394674347191690311e-01
3.743596344582572066e-01 1.394683638005363435e-01
3.745325890893304588e-01 1.394694243793951349e-01
3.747048090119179387e-01 1.394706814014571028e-01
