0.000000000000000000e+00 0.000000000000000000e+00
1.709856996373171193e-04 0.000000000000000000e+00
3.458277485138049143e-04 0.000000000000000000e+00
5.255508974021410500e-04 0.000000000000000000e+00
7.098780721175268439e-04 0.000000000000000000e+00
8.993475473353908711e-04 0.000000000000000000e+00
1.095531425823642255e-03 5.687725766801543351e-09
1.300230812671981668e-03 5.982240528177097365e-06
1.514523725676150288e-03 7.136099957512141267e-05
1.737669901487479129e-03 3.390542793063073407e-04
1.966299995317508445e-03 1.052325447806159347e-03
2.194933039938835699e-03 2.520851597672897453e-03
2.418087777114090280e-03 5.046898095231100966e-03
2.632394786448832413e-03 8.870331915801270284e-03
2.837115589616579815e-03 1.417320925082090309e-02
3.033337932254924398e-03 2.111969821904730385e-02
3.222929798270075287e-03 2.989140277995940009e-02
3.407820057792371789e-03 4.070285246215755298e-02
3.589642593495986390e-03 5.380022869936771507e-02
3.769620920621529966e-03 6.945067326029548405e-02
3.948584558470405112e-03 8.792845212996229509e-02
4.127589999785318854e-03 1.095729735637935853e-01
4.307694580599856320e-03 1.347848966072643928e-01
4.489730091996365323e-03 1.639978646461814071e-01
4.674924576429621489e-03 1.977836786203924502e-01
4.864920076991100135e-03 2.369108122789122806e-01
5.061658671572310045e-03 2.823826329288294246e-01
5.267027342753994971e-03 3.354012689581488127e-01
5.482137174481907863e-03 3.971637087094425089e-01
5.706271505642183245e-03 4.684017347275317711e-01
5.936070617884126564e-03 5.487704584725067170e-01
6.166041971504880592e-03 6.365788561213097108e-01
6.390675738275753207e-03 7.293486954445235204e-01
6.606571377476997894e-03 8.248552746671091729e-01
6.812968672455771597e-03 9.217848205798508943e-01
7.010940350055155229e-03 1.019727749112672832e+00
7.202292586290594094e-03 1.118816602902779733e+00
7.388604539799771727e-03 1.219250799161153864e+00
7.570412439737688425e-03 1.320784391977656291e+00
7.747426574624179801e-03 1.422752548746325729e+00
7.920674422217922894e-03 1.525303492953330009e+00
8.094058183001743428e-03 1.630452707986261629e+00
8.271491536278510054e-03 1.740439321603072020e+00
8.454022585776922033e-03 1.855823714444993611e+00
8.641377292528135828e-03 1.976291764234021642e+00
8.834107892123386346e-03 2.102014278256715496e+00
9.033818517089505645e-03 2.233852374604509805e+00
9.242348993977540089e-03 2.372840394683057852e+00
9.460801795165138181e-03 2.519497632285025990e+00
9.688417925158255076e-03 2.672988618424635199e+00
9.921740253857478514e-03 2.830480003386280252e+00
1.015513530230149029e-02 2.987527125422881902e+00
1.038295357927829579e-02 3.139719731202205821e+00
1.060170002419554697e-02 3.284318618294565617e+00
1.081057461807999852e-02 3.420615115350381874e+00
1.101065178852921739e-02 3.549259364726889299e+00
1.120380802114206986e-02 3.671434733481435675e+00
1.139198280408171976e-02 3.788314185877604157e+00
1.157681260199712285e-02 3.900809120022557863e+00
1.175951224962686753e-02 4.009503969150534530e+00
1.194089208103236120e-02 4.114686939788749775e+00
1.212198724742452952e-02 4.216728390790125403e+00
1.230382618647043839e-02 4.315925174058739877e+00
1.248720131300090977e-02 4.412371975366122356e+00
1.267329433810323279e-02 4.506301408919977547e+00
1.286368760130305634e-02 4.598055642336390747e+00
1.306024256691280978e-02 4.687989835109370951e+00
1.326473966151056269e-02 4.776276653746952761e+00
1.347816304793910368e-02 4.862597359665283392e+00
1.369967670668890622e-02 4.945802584677700509e+00
1.392586187530207159e-02 5.023850331713618722e+00
1.415127459067592845e-02 5.094410719798535325e+00
1.437055237805173226e-02 5.155934250999250068e+00
1.458047394245771261e-02 5.208255443292691744e+00
1.478042433442060960e-02 5.252287914677153502e+00
1.497156360559841193e-02 5.289330934761069081e+00
1.515573831371312512e-02 5.320550483578066370e+00
1.533455118118263148e-02 5.346754114003908320e+00
1.550858609028345214e-02 5.368389301288450710e+00
1.567762895769320500e-02 5.385768862457189776e+00
1.584271704201803757e-02 5.399372434760890904e+00
1.600760722943909628e-02 5.409796148714789865e+00
1.617603943938492050e-02 5.417338679808913149e+00
1.634901795079560585e-02 5.421907543330878099e+00
1.652629488195990481e-02 5.423292364809954691e+00
1.670840753744322685e-02 5.421332072223096432e+00
1.689688704964963095e-02 5.415928596719592036e+00
1.709348765568931977e-02 5.407047506842331153e+00
1.729927492941834774e-02 5.394742532765527621e+00
1.751357445526645351e-02 5.379197074565073677e+00
1.773318762771111320e-02 5.360784404536430792e+00
1.795287609045787686e-02 5.340127885502711003e+00
1.816738038588123702e-02 5.318080516187763784e+00
1.837345266833412608e-02 5.295551083144458104e+00
1.857036677432439067e-02 5.273277659115657379e+00
1.875915276251376509e-02 5.251719232433023521e+00
1.894159325633237509e-02 5.231087382815084119e+00
1.911953044606715113e-02 5.211434163393284358e+00
1.929452192841648109e-02 5.192731662279435945e+00
1.946772830752083530e-02 5.174923620378523381e+00
1.963992828028093829e-02 5.157951262045559204e+00
1.981211573859520750e-02 5.141716948053954184e+00
1.998528177149890700e-02 5.126117937472193908e+00
2.016019657893299011e-02 5.111075456075210077e+00
2.033800609856947078e-02 5.096509278222802308e+00
2.052024682898508784e-02 5.082373832339674102e+00
2.070873396131553759e-02 5.068703919831328619e+00
2.090521945163493003e-02 5.055657301321406116e+00
2.111070418492173167e-02 5.043521526814314093e+00
2.132444224023695434e-02 5.032634425153409197e+00
2.154318161677631557e-02 5.023216059920628140e+00
2.176167220741593439e-02 5.015252359326233922e+00
2.197468966577476035e-02 5.008582350136805417e+00
2.217904773016077594e-02 5.003086697864864263e+00
2.237408153024833535e-02 4.998740868978118534e+00
2.256086312170884484e-02 4.995528234288795666e+00
2.274115004260843925e-02 4.993357454367092885e+00
2.291647522203732815e-02 4.992044816453282685e+00
2.308738078326292090e-02 4.991357219088254915e+00
2.325362665845594548e-02 4.991087718578453014e+00
2.341620492584693333e-02 4.991120386687736499e+00
2.357879755985029663e-02 4.991431479973357455e+00
2.374508977680289679e-02 4.992010304629655337e+00
2.391607954122818361e-02 4.992763382986064258e+00
2.409152780618456502e-02 4.993514920105348587e+00
2.427196908531189037e-02 4.994103126621983080e+00
2.445892298125332959e-02 4.994471421073090944e+00
2.465413511012139181e-02 4.994697663075841731e+00
2.485867269206740865e-02 4.994947166018329554e+00
2.507187476455692565e-02 4.995347779219377671e+00
2.529056134346880161e-02 4.995851397987401299e+00
2.550950383241139610e-02 4.996239581209256819e+00
2.572343295299355306e-02 4.996327875668614027e+00
2.592907459406508519e-02 4.996138938560665821e+00
2.612567176961200568e-02 4.995860244718729248e+00
2.631422809709209679e-02 4.995701565430273661e+00
2.649650666201993840e-02 4.995803779495212815e+00
2.667433590968082413e-02 4.996219038285746095e+00
2.684926350450086985e-02 4.996926018279017612e+00
2.702244227022190803e-02 4.997853485791964978e+00
2.719464419985159059e-02 4.998900985767486205e+00
2.736685698450682866e-02 4.999960427792323081e+00
2.754006599958414708e-02 5.000918699252257404e+00
2.771503594053541242e-02 5.001662273830947747e+00
2.789290721124704567e-02 5.002102951387124463e+00
2.807521069656973914e-02 5.002201210649076302e+00
2.826375599519186446e-02 5.001989067949391909e+00
2.846028988949176469e-02 5.001580530509962763e+00
2.866580935365013044e-02 5.001145063035814076e+00
2.887956691447700341e-02 5.000817109599797305e+00
2.909831167716282405e-02 5.000576675223314282e+00
2.931679581899176296e-02 5.000247848328651656e+00
2.952979660844453833e-02 4.999687746070265781e+00
2.973412852537784742e-02 4.998956224862260100e+00
2.992912799210534561e-02 4.998272111263768025e+00
3.011586994976145001e-02 4.997851942553671378e+00
3.029611582298830791e-02 4.997793392977673221e+00
3.047140216199799301e-02 4.998053023925723259e+00
3.064227343310974710e-02 4.998498673928712499e+00
3.080849013423317753e-02 4.999002746313489176e+00
3.097104325866282398e-02 4.999521027701446130e+00
3.113361316048781149e-02 5.000088314794506772e+00
3.129988476518814206e-02 5.000728525040751826e+00
3.147085751487326000e-02 5.001369311892725378e+00
3.164629350166424382e-02 5.001856286307273969e+00
3.182672606391868941e-02 5.002049172378957742e+00
3.201367162545950412e-02 5.001909705906760983e+00
3.220887253157730945e-02 5.001532178742680301e+00
3.241339469715501242e-02 5.001101032594252871e+00
3.262657884021836346e-02 5.000771337656833460e+00
3.284524853877455325e-02 5.000532362005407627e+00
3.306417753619562278e-02 5.000206934768618439e+00
3.327809552094421197e-02 4.999643343439034382e+00
3.348372544575251714e-02 4.998880416628671775e+00
3.368030842723360868e-02 4.998107039864335910e+00
3.386884836695099738e-02 4.997526354616399047e+00
3.405111014534193542e-02 4.997270239395444236e+00
3.422892444447480503e-02 4.997382387138849857e+00
3.440384086382203971e-02 4.997834454675422755e+00
3.457701350946129626e-02 4.998549537281514077e+00
3.474921492634082398e-02 4.999422443554940365e+00
3.492143261040141916e-02 5.000340486821151842e+00
3.509465123925505081e-02 5.001186407499228714e+00
3.526963436443260325e-02 5.001842990214240281e+00
3.544752063636483902e-02 5.002218379176880170e+00
3.562983865685003665e-02 5.002269561081203797e+00
3.581839553059977532e-02 5.002025291335583823e+00
3.601493598665816975e-02 5.001596529565923710e+00
3.622045636629798310e-02 5.001149834916025050e+00
3.643421080724305178e-02 5.000816865012174262e+00
3.665295165584033649e-02 5.000575075512196932e+00
3.687143330271099723e-02 5.000246512840184288e+00
3.708443205484607957e-02 4.999687129694724064e+00
3.728875958693861348e-02 4.998956269299896782e+00
3.748375070955927563e-02 4.998272514756034290e+00
3.767048128198337287e-02 4.997852421931232136e+00
3.785071538705615107e-02 4.997793825545842061e+00
3.802599238971865470e-02 4.998053453682370417e+00
3.819685842916788199e-02 4.998499206825688823e+00
3.836307397771465677e-02 4.999003415499176484e+00
3.852562872092255702e-02 4.999521747013173645e+00
3.868820169434311618e-02 5.000088941830732381e+00
3.885447781685435337e-02 5.000728966149750043e+00
3.902545784771281612e-02 5.001369604710886207e+00
3.920090469930798127e-02 5.001856567507997120e+00
3.938135035578221865e-02 5.002049529922612869e+00
3.956830800410523347e-02 5.001910050209471770e+00
3.976351665412297676e-02 5.001532234190338322e+00
3.996804076260403876e-02 5.001100480822607608e+00
4.018122246964590111e-02 5.000770093433233754e+00
4.039988862414723575e-02 5.000530782546690034e+00
4.061881513920553161e-02 5.000205638665038421e+00
4.083273074138133590e-02 4.999642746716846275e+00
4.103835573474100273e-02 4.998880518005998752e+00
4.123492971654179468e-02 4.998107572562176415e+00
4.142345723099367938e-02 4.997527009722474212e+00
4.160570524460812519e-02 4.997270791988587924e+00
4.178350689651955802e-02 4.997382732108560432e+00
4.195841388455997384e-02 4.997834591978517871e+00
4.213158171947060243e-02 4.998549535216142203e+00
4.230378359218019829e-02 4.999422401329653098e+00
4.247600687973827199e-02 5.000340507295052639e+00
4.264923562252744688e-02 5.001186580566656659e+00
4.282423227634677559e-02 5.001843370491724450e+00
4.300213377795221448e-02 5.002218952191034518e+00
4.318446647804866090e-02 5.002270210904941727e+00
4.337303501222269236e-02 5.002025789347237072e+00
4.356958207468080574e-02 5.001596570918211526e+00
4.377510338671834755e-02 5.001149161204026861e+00
4.398885470591896302e-02 5.000815481210239000e+00
4.420759162800366043e-02 5.000573400935414803e+00
4.442607076672627081e-02 5.000245176772881273e+00
4.463906747575419054e-02 4.999686512725828536e+00
4.484339062626210154e-02 4.998956313710441357e+00
4.503837341306188985e-02 4.998272918907612272e+00
4.522509260845754969e-02 4.997852902387618812e+00
4.540531495047491622e-02 4.997794259185941002e+00
4.558058261875271716e-02 4.998053884172460215e+00
4.575144342748840853e-02 4.998499740060046825e+00
4.591765782558049347e-02 4.999004084794020919e+00
4.608021419130560459e-02 4.999522466379905161e+00
4.624279024033665919e-02 5.000089568890175862e+00
4.640907088290238680e-02 5.000729407098480017e+00
4.658005819419303722e-02 5.001369896974091844e+00
4.675551590791374168e-02 5.001856847723422206e+00
4.693597465660324930e-02 5.002049886317146310e+00
4.712294439222430159e-02 5.001910393638168806e+00
4.731816078855788366e-02 5.001532289402196518e+00
4.752268684079837685e-02 5.001099929485691931e+00
4.773586610668050650e-02 5.000768849840343755e+00
4.795452870533101208e-02 5.000529203218847307e+00
4.817345272550598717e-02 5.000204342029640259e+00
4.838736593934486047e-02 4.999642149341694264e+00
4.859298600425279724e-02 4.998880619212875409e+00
4.878955099468332279e-02 4.998108105785663113e+00
4.897806609283757162e-02 4.997527665897794513e+00
4.916030034819862671e-02 4.997271345858720792e+00
4.933808935594610062e-02 4.997383078215993812e+00
4.951298691280186376e-02 4.997834730040735529e+00
4.968614993542436187e-02 4.998549533436587033e+00
4.985835226197286169e-02 4.999422358928079291e+00
5.003058115148237284e-02 5.000340527185921147e+00
5.020382000758982083e-02 5.001186752719624096e+00
5.037883019066956986e-02 5.001843749643091641e+00
5.055674692400754372e-02 5.002219524060680378e+00
5.073909430714149821e-02 5.002270859822770532e+00
5.092767450585380939e-02 5.002026286949297074e+00
5.112422817782891205e-02 5.001596612500021521e+00
5.132975042153615358e-02 5.001148488219595123e+00
5.154349861159784191e-02 5.000814098105903049e+00
5.176223159372679572e-02 5.000571726424362318e+00
5.198070821104635447e-02 5.000243840127711614e+00
5.219370287116662649e-02 4.999685895163083593e+00
5.239802164333730999e-02 4.998956358092381258e+00
5.259299610260178420e-02 4.998273323716867722e+00
5.277970392917968878e-02 4.997853383921762926e+00
5.295991451325028632e-02 4.997794693897854579e+00
5.313517284911280919e-02 4.998054315396512237e+00
5.330602842808513514e-02 4.998500273632441093e+00
5.347224167784158516e-02 4.999004754198456801e+00
5.363479966981979374e-02 4.999523185801978187e+00
5.379737879847542453e-02 5.000090195973355023e+00
5.396366396334065230e-02 5.000729847887822821e+00
5.413465855432296470e-02 5.001370188683455176e+00
5.431012712748681248e-02 5.001857126954362798e+00
5.449059896637836742e-02 5.002050241562617572e+00
5.467758078980320541e-02 5.001910736192055396e+00
5.487280493486257349e-02 5.001532344377109141e+00
5.507733293172137334e-02 5.001099378582704702e+00
5.529050975131714202e-02 5.000767606878572913e+00
5.550916878233229379e-02 5.000527624023426654e+00
5.572809029510383122e-02 5.000203044863600788e+00
5.594200111483220439e-02 4.999641551313377619e+00
5.614761625427636127e-02 4.998880720248020992e+00
5.634417226164496750e-02 4.998108639533118236e+00
5.653267495247530500e-02 4.997528323141113837e+00
5.671489545611577143e-02 4.997271901005395200e+00
5.689267182276570856e-02 4.997383425461567441e+00
5.706755994856422404e-02 4.997834868863010982e+00
5.724071815733984547e-02 4.998549531943935698e+00
5.741292093573343441e-02 4.999422316351225248e+00
5.758515542564414391e-02 5.000340546494570937e+00
5.775840439444742541e-02 5.001186923958766073e+00
5.793342810740021581e-02 5.001844127668690909e+00
5.811136007452334662e-02 5.002220094785757354e+00
5.829372214411454589e-02 5.002271507834107567e+00
5.848231401147472447e-02 5.002026784140834792e+00
5.867887429608446143e-02 5.001596654310459300e+00
5.888439747074068059e-02 5.001147815962454501e+00
5.909814252428156889e-02 5.000812715700135413e+00
5.931687155302090009e-02 5.000570051980714581e+00
5.953534563567998428e-02 5.000242502905676290e+00
5.974833824108120861e-02 4.999685277005969652e+00
5.995265263815320600e-02 4.998956402444243885e+00
6.014761877816748870e-02 4.998273729182199254e+00
6.033431524414551578e-02 4.997853866532643075e+00
6.051451407538781246e-02 4.997795129681428250e+00
6.068976308081146936e-02 4.998054747355065608e+00
6.086061343097184939e-02 4.998500807543517332e+00
6.102682553450885367e-02 4.999005423712968188e+00
6.118938515647293075e-02 4.999523905279727565e+00
6.135196736876644130e-02 5.000090823080751257e+00
6.151825705817748347e-02 5.000730288518642652e+00
6.168925892811160522e-02 5.001370479840086425e+00
6.186473835803252969e-02 5.001857405201654672e+00
6.204522328510423540e-02 5.002050595659047083e+00
6.223221719682853897e-02 5.001911077870369482e+00
6.242744909301757572e-02 5.001532399113851390e+00
6.263197903535633326e-02 5.001098828112858996e+00
6.284515340355069368e-02 5.000766364548383969e+00
6.306380885515747159e-02 5.000526044961924654e+00
6.328272784800595407e-02 5.000201747168094180e+00
6.349663626784081416e-02 4.999640952631726698e+00
6.370224648480012075e-02 4.998880821110099681e+00
6.389879351741351021e-02 4.998109173802907534e+00
6.408728380989948958e-02 4.997528981451148766e+00
6.426949056836184226e-02 4.997272457428172387e+00
6.444725429698966446e-02 4.997383773845689880e+00
6.462213299186352067e-02 4.997835008446307903e+00
6.479528638523428252e-02 4.998549530739266444e+00
6.496748961347661999e-02 4.999422273600082178e+00
6.513972970223394499e-02 5.000340565221837785e+00
6.531298878310551337e-02 5.001187094284717638e+00
6.548802602653797100e-02 5.001844504568844663e+00
6.566597322949216387e-02 5.002220664366150871e+00
6.584834998895376657e-02 5.002272154938362192e+00
6.603695352906703564e-02 5.002027280920924746e+00
6.623352042942939888e-02 5.001596696348618032e+00
6.643904453432120105e-02 5.001147144432386504e+00
6.665278644397201746e-02 5.000811333993905095e+00
6.687151150589711046e-02 5.000568377606153803e+00
6.708998304063595874e-02 5.000241165107720320e+00
6.730297358549579279e-02 4.999684658254023084e+00
6.750728361069883998e-02 4.998956446764534434e+00
6.770224143974758191e-02 4.998274135301975285e+00
6.788892655335068693e-02 4.997854350219220088e+00
6.806911363689316374e-02 4.997795566536524348e+00
6.824435331386129178e-02 4.998055180048618595e+00
6.841519843616233887e-02 4.998501341793929242e+00
6.858140939559320692e-02 4.999006093337985845e+00
6.874397065127278716e-02 4.999524624813480145e+00
6.890655595121672472e-02 5.000091450212858391e+00
6.907285016742131800e-02 5.000730728991821472e+00
6.924385931556807650e-02 5.001370770445085157e+00
6.941934959955627094e-02 5.001857682466116728e+00
6.959984761277743237e-02 5.002050948606515668e+00
6.978685361328684778e-02 5.001911418672332132e+00
6.998209326300346145e-02 5.001532453611273077e+00
7.018662515168658245e-02 5.001098278075365222e+00
7.039979706337609611e-02 5.000765122850204136e+00
7.061844892381297090e-02 5.000524466035859206e+00
7.083736538421916973e-02 5.000200448944314147e+00
7.105127139836821260e-02 4.999640353296597617e+00
7.125687669581258488e-02 4.998880921797852928e+00
7.145341476197568376e-02 4.998109708593372780e+00
7.164189266510263832e-02 4.997529640826627428e+00
7.182408568493904577e-02 4.997273015126614482e+00
7.200183677862918852e-02 4.997384123368765252e+00
7.217670604271625434e-02 4.997835148791546445e+00
7.234985461912492311e-02 4.998549529823665516e+00
7.252205829521708724e-02 4.999422230675600431e+00
7.269430398126223991e-02 5.000340583368529046e+00
7.286757317356933050e-02 5.001187263698104069e+00
7.304262394808203052e-02 5.001844880343898403e+00
7.322058638890659166e-02 5.002221232801772999e+00
7.340297784164521999e-02 5.002272801134969527e+00
7.359159305861229239e-02 5.002027777288614807e+00
7.378816657784557920e-02 5.001596738613574011e+00
7.399369161226698743e-02 5.001146473629150435e+00
7.420743037067091541e-02 5.000809952988190865e+00
7.442615145236672336e-02 5.000566703302419036e+00
7.464462042592304170e-02 5.000239826734825144e+00
7.485760890440815163e-02 4.999684038906726968e+00
7.506191456096318604e-02 4.998956491051752771e+00
7.525686408733057997e-02 4.998274542074563342e+00
7.544353785679087931e-02 4.997854834980453909e+00
7.562371319777183576e-02 4.997796004462996322e+00
7.579894354827486358e-02 4.998055613477715653e+00
7.596978344367034952e-02 4.998501876384324305e+00
7.613599326110552512e-02 4.999006763073966297e+00
7.629855615422728721e-02 4.999525344403588534e+00
7.646114454583329001e-02 5.000092077370199561e+00
7.662744329108049646e-02 5.000731169308227031e+00
7.679845971670141991e-02 5.001371060499588239e+00
7.697396085206334448e-02 5.001857958748608723e+00
7.715447194939460684e-02 5.002051300405056189e+00
7.734149003916457321e-02 5.001911758597172408e+00
7.753673744480078789e-02 5.001532507868186705e+00
7.774127128069537040e-02 5.001097728469445336e+00
7.795444073078823533e-02 5.000763881784496157e+00
7.817308898830514774e-02 5.000522887246765968e+00
7.839200290375047953e-02 5.000199150193434861e+00
7.860590650641188781e-02 4.999639753307804746e+00
7.881150688730219345e-02 4.998881022309970668e+00
7.900803599531830423e-02 4.998110243902881500e+00
7.919650151807737515e-02 4.997530301266291275e+00
7.937868080584964403e-02 4.997273574100243643e+00
7.955641926769557726e-02 4.997384474031179025e+00
7.973127910113884942e-02 4.997835289899672517e+00
7.990442285902904507e-02 4.998549529198225372e+00
8.007662698096965070e-02 4.999422187578806742e+00
8.024887826273946478e-02 5.000340600935497370e+00
8.042215756584407405e-02 5.001187432199568406e+00
8.059722187203174903e-02 5.001845254994192302e+00
8.077519955275914987e-02 5.002221800092519821e+00
8.095760570217486185e-02 5.002273446423330938e+00
8.114623260009204420e-02 5.002028273242982159e+00
8.134281274131503758e-02 5.001596781104425737e+00
8.154833870456727751e-02 5.001145803552505598e+00
8.176207430438021950e-02 5.000808572683942188e+00
8.198079139244072999e-02 5.000565029071174727e+00
8.219925779155010104e-02 5.000238487787980191e+00
8.241224419781620347e-02 4.999683418963573267e+00
8.261654548893528072e-02 4.998956535304428073e+00
8.281148672090507534e-02 4.998274949498370923e+00
8.299814915446172836e-02 4.997855320815286717e+00
8.317831275802928248e-02 4.997796443460706506e+00
8.335353378406475111e-02 4.998056047642875477e+00
8.352436845350967587e-02 4.998502411315350891e+00
8.369057713105673701e-02 4.999007432921368732e+00
8.385314166534417468e-02 4.999526064050370699e+00
8.401573315262322872e-02 5.000092704553235734e+00
8.418203642916337326e-02 5.000731609468719085e+00
8.435306013152059357e-02 5.001371350004699678e+00
8.452857211555914185e-02 5.001858234049941565e+00
8.470909629495244897e-02 5.002051651054752135e+00
8.489612647444839955e-02 5.001912097644120259e+00
8.509138163839014002e-02 5.001532561883440309e+00
8.529591742236614094e-02 5.001097179294298201e+00
8.550908440578193492e-02 5.000762641351675697e+00
8.572772904864031651e-02 5.000521308596131753e+00
8.594664040660682236e-02 5.000197850916648257e+00
8.616054159196943896e-02 4.999639152665196207e+00
8.636613705925742790e-02 4.998881122645175701e+00
8.656265721742810448e-02 4.998110779729768360e+00
8.675111036881631710e-02 4.997530962768838236e+00
8.693327593109584361e-02 4.997274134348630881e+00
8.711100176419996066e-02 4.997384825833356636e+00
8.728585216714779271e-02 4.997835431771620485e+00
8.745899110496378748e-02 4.998549528864008273e+00
8.763119567074892369e-02 4.999422144310668337e+00
8.780345254667605570e-02 5.000340617923547448e+00
8.797674195993507307e-02 5.001187599789744809e+00
8.815181979838630777e-02 5.001845628520062093e+00
8.832981272104238613e-02 5.002222366238312290e+00
8.851223357052878660e-02 5.002274090802876216e+00
8.870087215348783360e-02 5.002028768783077339e+00
8.889745891981956638e-02 5.001596823820245952e+00
8.910298581121126049e-02 5.001145134202204190e+00
8.931671824510169222e-02 5.000807193082152047e+00
8.953543132613046851e-02 5.000563354914139502e+00
8.975389513752589365e-02 5.000237148268154463e+00
8.996687946571778338e-02 4.999682798424086805e+00
9.017117639460427159e-02 4.998956579521064647e+00
9.036610934045960497e-02 4.998275357571771771e+00
9.055276044635893196e-02 4.997855807722699772e+00
9.073291231767111054e-02 4.997796883529492362e+00
9.090812402124341662e-02 4.998056482544588341e+00
9.107895346569414019e-02 4.998502946587644047e+00
9.124516100545768116e-02 4.999008102880634574e+00
9.140772718463126278e-02 4.999526783754158821e+00
9.157032177159345199e-02 5.000093331762484716e+00
9.173662958167837223e-02 5.000732049474180485e+00
9.190766056003479845e-02 5.001371638961538579e+00
9.208318339004903375e-02 5.001858508370958134e+00
9.226372064944764195e-02 5.002052000555639033e+00
9.245076291912486532e-02 5.001912435812409186e+00
9.264602584375200567e-02 5.001532615655817970e+00
9.285056357668207416e-02 5.001096630549138666e+00
9.306372808835207400e-02 5.000761401552181518e+00
9.328236910482493038e-02 5.000519730085493109e+00
9.350127789279503998e-02 5.000196551115127619e+00
9.371517665503842354e-02 4.999638551368615680e+00
9.392076721166686681e-02 4.998881222802156188e+00
9.411727842829191448e-02 4.998111316072394672e+00
9.430571921731195628e-02 4.997531625333025751e+00
9.448787106067978170e-02 4.997274695871313455e+00
9.466558426815349647e-02 4.997385178775672898e+00
9.484042524075944613e-02 4.997835574408330928e+00
9.501355935694645594e-02 4.998549528822118226e+00
9.518576436456963052e-02 4.999422100872171981e+00
9.535802683308239325e-02 5.000340634333494627e+00
9.553132635584750398e-02 5.001187766469251450e+00
9.570641772714505446e-02 5.001846000921855051e+00
9.588442589374891745e-02 5.002222931239059811e+00
9.606686144669300542e-02 5.002274734273028045e+00
9.625551171878138357e-02 5.002029263907967760e+00
9.645210511334115222e-02 5.001596866760131377e+00
9.665763293218819496e-02 5.001144465577988640e+00
9.687136219283705441e-02 5.000805814183739706e+00
9.709007125344704114e-02 5.000561680832978695e+00
9.730853246385937072e-02 5.000235808176351604e+00
9.752151470811089295e-02 4.999682177287795071e+00
9.772580727795909805e-02 4.998956623700188118e+00
9.792073194598265029e-02 4.998275766293128974e+00
9.810737173247802145e-02 4.997856295701615714e+00
9.828751187670280165e-02 4.997797324669205565e+00
9.846271425982336400e-02 4.998056918183383601e+00
9.863353848023742598e-02 4.998503482201860137e+00
9.879974488431933488e-02 4.999008772952216795e+00
9.896231271209637859e-02 4.999527503515290405e+00
9.912491040275100973e-02 5.000093958998432342e+00
9.929122274863376452e-02 5.000732489325473651e+00
9.946226100225305511e-02 5.001371927371220494e+00
9.963779467553843250e-02 5.001858781712499535e+00
9.981834501287684125e-02 5.002052348907787938e+00
1.000053993731806756e-01 5.001912773101273579e+00
1.002006700608670253e-01 5.001532669184182822e+00
1.004052097436264890e-01 5.001096082233186024e+00
1.006183717784934206e-01 5.000760162386444385e+00
1.008370091568652899e-01 5.000518151716335957e+00
1.010559153623220852e-01 5.000195250790063994e+00
1.012698116956163435e-01 4.999637949417873095e+00
1.014753973445190471e-01 4.998881322779645586e+00
1.016718996278964254e-01 4.998111852929102206e+00
1.018603280635568126e-01 4.997532288957545532e+00
1.020424661946036510e-01 4.997275258667825959e+00
1.022201667795673702e-01 4.997385532858534596e+00
1.023949983219903520e-01 4.997835717810732881e+00
1.025681276149942589e-01 4.998549529073619269e+00
1.027403330624465372e-01 4.999422057264307107e+00
1.029126011219689552e-01 5.000340650166182677e+00
1.030859107535866820e-01 5.001187932238734923e+00
1.032610156583072397e-01 5.001846372199914015e+00
1.034390390708713747e-01 5.002223495094659356e+00
1.036214893306535711e-01 5.002275376833207332e+00
1.038101512959541811e-01 5.002029758616729715e+00
1.040067513218616430e-01 5.001596909923180512e+00
1.042122800674873118e-01 5.001143797679621805e+00
1.044260061475882212e-01 5.000804435989704366e+00
1.046447111744015918e-01 5.000560006829401161e+00
1.048631697705593308e-01 5.000234467513527292e+00
1.050761499249934783e-01 4.999681555554182033e+00
1.052804381389889909e-01 4.998956667840298351e+00
1.054753545374627899e-01 4.998276175660826048e+00
1.056619830128146392e-01 4.997856784751007808e+00
1.058421114351297404e-01 4.997797766879697789e+00
1.060173044998170971e-01 4.998057354559784393e+00
1.061881234971533139e-01 4.998504018158643980e+00
1.063543287676526200e-01 4.999009443136575470e+00
1.065168982477473075e-01 4.999528223334101185e+00
1.066794990461029657e-01 5.000094586261567109e+00
1.068458159300379601e-01 5.000732929023468998e+00
1.070168614581844813e-01 5.001372215234860974e+00
1.071924059720327366e-01 5.001859054075401545e+00
1.073729693852368550e-01 5.002052696111261909e+00
1.075600358366023551e-01 5.001913109509955824e+00
1.077553142897157423e-01 5.001532722467335823e+00
1.079598559231826210e-01 5.001095534345625815e+00
1.081730154762008400e-01 5.000758923854909277e+00
1.083916492047677788e-01 5.000516573490205730e+00
1.086105528151949384e-01 5.000193949942668858e+00
1.088244467137008675e-01 4.999637346812848548e+00
1.090300274578025058e-01 4.998881422576335609e+00
1.092265208162285089e-01 4.998112390298243390e+00
1.094149369075434197e-01 4.997532953641144360e+00
1.095970613328695609e-01 4.997275822737719864e+00
1.097747492984527257e-01 4.997385888082327199e+00
1.099495714108568445e-01 4.997835861979772254e+00
1.101226958791244187e-01 4.998549529619597642e+00
1.102949017643943125e-01 4.999422013488061367e+00
1.104671754133461775e-01 5.000340665422437603e+00
1.106404951531579084e-01 5.001188097098832941e+00
1.108156135918721558e-01 5.001846742354571163e+00
1.109936522524022501e-01 5.002224057805026547e+00
1.111761172223964533e-01 5.002276018482834985e+00
1.113647908849877688e-01 5.002030252908427954e+00
1.115613975453629558e-01 5.001596953308469651e+00
1.117669272170976752e-01 5.001143130506862988e+00
1.119806501093568440e-01 5.000803058500993714e+00
1.121993510890053058e-01 5.000558332905117531e+00
1.124178070576347527e-01 5.000233126280691387e+00
1.126307851163636103e-01 4.999680933222783175e+00
1.128350689776829313e-01 4.998956711939918307e+00
1.130299771148884913e-01 4.998276585673243844e+00
1.132165942873643444e-01 4.997857274869814681e+00
1.133967109929574085e-01 4.997798210160796728e+00
1.135718947412370644e-01 4.998057791674288097e+00
1.137427085164555429e-01 4.998504554458648386e+00
1.139089126554683890e-01 4.999010113434151137e+00
1.140714837915919461e-01 4.999528943210907350e+00
1.142340877016562173e-01 5.000095213552380180e+00
1.144004091258993272e-01 5.000733368569023618e+00
1.145714619278380975e-01 5.001372502553576460e+00
1.147470172795373722e-01 5.001859325460509709e+00
1.149275937665243802e-01 5.002053042166132890e+00
1.151146723093766644e-01 5.001913445037686756e+00
1.153099585302787417e-01 5.001532775504122341e+00
1.155145021153337198e-01 5.001094986885681770e+00
1.157276591814691141e-01 5.000757685957976761e+00
1.159462892485387392e-01 5.000514995408574137e+00
1.161651902514205942e-01 5.000192648574087073e+00
1.163790817092895946e-01 4.999636743553374174e+00
1.165846575515058631e-01 4.998881522190954385e+00
1.167811419932748701e-01 4.998112928178167103e+00
1.169695457492642560e-01 4.997533619382533487e+00
1.171516564754795514e-01 4.997276388080522658e+00
1.173293318248206651e-01 4.997386244447443282e+00
1.175041445073753826e-01 4.997836006916362983e+00
1.176772641493541854e-01 4.998549530461144030e+00
1.178494704704276946e-01 4.999421969544422417e+00
1.180217497072245658e-01 5.000340680103077418e+00
1.181950795545663874e-01 5.001188261050177886e+00
1.183702115278391503e-01 5.001847111386187983e+00
1.185482654383341883e-01 5.002224619370080561e+00
1.187307451219077881e-01 5.002276659221341681e+00
1.189194304858638834e-01 5.002030746782115678e+00
1.191160437838270497e-01 5.001596996915090187e+00
1.193215743810084467e-01 5.001142464059447512e+00
1.195352940781446438e-01 5.000801681718549219e+00
1.197539909972693828e-01 5.000556659061804687e+00
1.199724443250944628e-01 5.000231784478819996e+00
1.201854202822192075e-01 4.999680310293094898e+00
1.203896997940300251e-01 4.998956755997573609e+00
1.205845996782483748e-01 4.998276996328750776e+00
1.207712055561226266e-01 4.997857766056969631e+00
1.209513105501912461e-01 4.997798654512353167e+00
1.211264849840957003e-01 4.998058229527406304e+00
1.212972935381578243e-01 4.998505091102483533e+00
1.214634965477776329e-01 4.999010783845402983e+00
1.216260693436380519e-01 4.999529663146053515e+00
1.217886763694178559e-01 5.000095840871364494e+00
1.219550023362262897e-01 5.000733807963025690e+00
1.221260624112229937e-01 5.001372789328478063e+00
1.223016285980577933e-01 5.001859595868661579e+00
1.224822181567361556e-01 5.002053387072476376e+00
1.226693087914901698e-01 5.001913779683701655e+00
1.228646027825365944e-01 5.001532828293360211e+00
1.230691483200630210e-01 5.001094439852553641e+00
1.232823028942929416e-01 5.000756448696081158e+00
1.235009292881843884e-01 5.000513417472981281e+00
1.237198276710060191e-01 5.000191346685552318e+00
1.239337166823803460e-01 4.999636139639290100e+00
1.241392876256176697e-01 4.998881621622209614e+00
1.243357631590223111e-01 4.998113466567226659e+00
1.245241545887117718e-01 4.997534286180400187e+00
1.247062516224357043e-01 4.997276954695766271e+00
1.248839143586822631e-01 4.997386601954262986e+00
1.250587176115623700e-01 4.997836152621453643e+00
1.252318324257007953e-01 4.998549531599337570e+00
1.254040391805613941e-01 4.999421925434375247e+00
1.255763240036144590e-01 5.000340694208918357e+00
1.257496639578175313e-01 5.001188424093388818e+00
1.259248094662075157e-01 5.001847479295101095e+00
1.261028786286597925e-01 5.002225179789745901e+00
1.262853730291735588e-01 5.002277299048158987e+00
1.264740700985640676e-01 5.002031240236899379e+00
1.266706900372356615e-01 5.001597040742141509e+00
1.268762215592087739e-01 5.001141798337125799e+00
1.270899380539533552e-01 5.000800305643328336e+00
1.273086308992049942e-01 5.000554985301156385e+00
1.275270815729474816e-01 5.000230442108909656e+00
1.277400554225583962e-01 4.999679686764670450e+00
1.279443305880194615e-01 4.998956800011772117e+00
1.281392222275308523e-01 4.998277407625730362e+00
1.283258168190850035e-01 4.997858258311436153e+00
1.285059101068365961e-01 4.997799099934201905e+00
1.286810752284054116e-01 4.998058668119634618e+00
1.288518785622738694e-01 4.998505628090826214e+00
1.290180804445911211e-01 4.999011454370769769e+00
1.291806549038934937e-01 4.999530383139868306e+00
1.293432650493948621e-01 5.000096468219017432e+00
1.295095955610270633e-01 5.000734247206326089e+00
1.296806629083482321e-01 5.001373075560703541e+00
1.298562399275994261e-01 5.001859865300707142e+00
1.300368425558689756e-01 5.002053730830359868e+00
1.302239452829295485e-01 5.001914113447261556e+00
1.304192470464698161e-01 5.001532880833890360e+00
1.306237945373538156e-01 5.001093893245439403e+00
1.308369466146670768e-01 5.000755212069643463e+00
1.310555693237110964e-01 5.000511839684909532e+00
1.312744650739581520e-01 5.000190044278240542e+00
1.314883516329707347e-01 4.999635535070478198e+00
1.316939176801265599e-01 4.998881720868846301e+00
1.318903843134575371e-01 4.998114005463775378e+00
1.320787634258785148e-01 4.997534954033507226e+00
1.322608467737400872e-01 4.997277522582980858e+00
1.324384969000485801e-01 4.997386960603171779e+00
1.326132907234339742e-01 4.997836299095945733e+00
1.327864007081814568e-01 4.998549533035240522e+00
1.329586078948102046e-01 4.999421881158911951e+00
1.331308983025264181e-01 5.000340707740816626e+00
1.333042483629165720e-01 5.001188586229132760e+00
1.334794074069765579e-01 5.001847846081644455e+00
1.336574918233715825e-01 5.002225739063919541e+00
1.338400009441799154e-01 5.002277937962722021e+00
1.340287097230697111e-01 5.002031733271814495e+00
1.342253363055707915e-01 5.001597084788698133e+00
1.344308687516878598e-01 5.001141133339661593e+00
1.346445820367846991e-01 5.000798930276298293e+00
1.348632707948233811e-01 5.000553311624885033e+00
1.350817188012028713e-01 5.000229099171958680e+00
1.352946905373791642e-01 4.999679062637006233e+00
1.354989613596404574e-01 4.998956843981028797e+00
1.356938447627244748e-01 4.998277819562551016e+00
1.358804280762470618e-01 4.997858751632139551e+00
1.360605096628987598e-01 4.997799546426174189e+00
1.362356654741787576e-01 4.998059107451509497e+00
1.364064635888174726e-01 4.998506165424302594e+00
1.365726643459198864e-01 4.999012125010711571e+00
1.367352404723660708e-01 4.999531103192683013e+00
1.368978537415942165e-01 5.000097095595830154e+00
1.370641888003101827e-01 5.000734686299804999e+00
1.372352634192229859e-01 5.001373361251340022e+00
1.374108512681677385e-01 5.001860133757499938e+00
1.375914669639196619e-01 5.002054073439839321e+00
1.377785817836816584e-01 5.001914446327597297e+00
1.379738913220592000e-01 5.001532933124533287e+00
1.381784407671892978e-01 5.001093347063545025e+00
1.383915903425861349e-01 5.000753976079092666e+00
1.386102093551252190e-01 5.000510262045880339e+00
1.388291024602841817e-01 5.000188741353354338e+00
1.390429865610583737e-01 4.999634929846759057e+00
1.392485477150212092e-01 4.998881819929535730e+00
1.394450054565674613e-01 4.998114544866151476e+00
1.396333722607567551e-01 4.997535622940530331e+00
1.398154419293946849e-01 4.997278091741701900e+00
1.399930794489306629e-01 4.997387320394549803e+00
1.401678638430068069e-01 4.997836446340811811e+00
1.403409689968133922e-01 4.998549534769946234e+00
1.405131766131887672e-01 4.999421836719015744e+00
1.406854726039708792e-01 5.000340720699575137e+00
1.408588327698688802e-01 5.001188747458031436e+00
1.410340053501456525e-01 5.001848211746196426e+00
1.412121050224623697e-01 5.002226297192528648e+00
1.413946288669128970e-01 5.002278575964447249e+00
1.415833493593626480e-01 5.002032225885955086e+00
1.417799825888143295e-01 5.001597129053862112e+00
1.419855159584348103e-01 5.001140469066781336e+00
1.421992260266403130e-01 5.000797555618394341e+00
1.424179106841354514e-01 5.000551638034657742e+00
1.426363560098695138e-01 5.000227755668942287e+00
1.428493256266797073e-01 4.999678437909638617e+00
1.430535921088821605e-01 4.998956887903891477e+00
1.432484672838178763e-01 4.998278232137595367e+00
1.434350393276042357e-01 4.997859246018040658e+00
1.436151092183831357e-01 4.997799993988106593e+00
1.437902557214279786e-01 4.998059547523499013e+00
1.439610486178024285e-01 4.998506703103551274e+00
1.441272482517747533e-01 4.999012795765660933e+00
1.442898260490636242e-01 4.999531823304836031e+00
1.444524424460230105e-01 5.000097723002280503e+00
1.446187820540839886e-01 5.000735125244318624e+00
1.447898639438562063e-01 5.001373646401532369e+00
1.449654626197681428e-01 5.001860401239874854e+00
1.451460913808850506e-01 5.002054414901015100e+00
1.453332182937329409e-01 5.001914778323964583e+00
1.455285356092851923e-01 5.001532985164117484e+00
1.457330870095525921e-01 5.001092801306095126e+00
1.459462340780451339e-01 5.000752740724847101e+00
1.461648493824330430e-01 5.000508684557394723e+00
1.463837398299909220e-01 5.000187437912078536e+00
1.465976214666411814e-01 4.999634323968000338e+00
1.468031777302901963e-01 4.998881918803026458e+00
1.469996265883387609e-01 4.998115084772707384e+00
1.471879810933390265e-01 4.997536292900211841e+00
1.473700370894016065e-01 4.997278662171454222e+00
1.475476620053396692e-01 4.997387681328787856e+00
1.477224369702972162e-01 4.997836594356955153e+00
1.478955372916138100e-01 4.998549536804532067e+00
1.480677453357118201e-01 4.999421792115660956e+00
1.482400469079583338e-01 5.000340733086017231e+00
1.484134171786796741e-01 5.001188907780732329e+00
1.485886032957140779e-01 5.001848576289063431e+00
1.487667182259247156e-01 5.002226854175495063e+00
1.489492567973586534e-01 5.002279213052784890e+00
1.491379890074244485e-01 5.002032718078392115e+00
1.493346288869481786e-01 5.001597173536727503e+00
1.495401631794387176e-01 5.001139805518247883e+00
1.497538700235219733e-01 5.000796181670566831e+00
1.499725505671526404e-01 5.000549964532198466e+00
1.501909931989563740e-01 5.000226411600881882e+00
1.504039606904581106e-01 4.999677812582089764e+00
1.506082228357335795e-01 4.998956931778860024e+00
1.508030897907995382e-01 4.998278645349232718e+00
1.509896505731520289e-01 4.997859741468063000e+00
1.511697087732950251e-01 4.997800442619817929e+00
1.513448459701654814e-01 4.998059988336116533e+00
1.515156336492422817e-01 4.998507241129222400e+00
1.516818321621667409e-01 4.999013466636089476e+00
1.518444116339939531e-01 4.999532543476638224e+00
1.520070311626882109e-01 5.000098350438873851e+00
1.521733753223566132e-01 5.000735564040732051e+00
1.523444644822570526e-01 5.001373931012392582e+00
1.525200739824061347e-01 5.001860667748691647e+00
1.527007158067620052e-01 5.002054755213960036e+00
1.528878548130703507e-01 5.001915109435603135e+00
1.530831799081284472e-01 5.001533036951471445e+00
1.532877332644270452e-01 5.001092255972245937e+00
1.535008778210384395e-01 5.000751506007295788e+00
1.537194894056409522e-01 5.000507107220949266e+00
1.539383771830856729e-01 5.000186133955612178e+00
1.541522563497169374e-01 4.999633717434051050e+00
1.543578077259223358e-01 4.998882017488036844e+00
1.545542477087581690e-01 4.998115625181795529e+00
1.547425899236177793e-01 4.997536963911231034e+00
1.549246322537627396e-01 4.997279233871758208e+00
1.551022445692863683e-01 4.997388043406267855e+00
1.552770101053215224e-01 4.997836743145287919e+00
1.554501055925999742e-01 4.998549539140083375e+00
1.556223140623942125e-01 4.999421747349873435e+00
1.557946212144992459e-01 5.000340744900994672e+00
1.559680015893542271e-01 5.001189067197838511e+00
1.561432012436811123e-01 5.001848939710619391e+00
1.563213314337511817e-01 5.002227410012733522e+00
1.565038847355031959e-01 5.002279849227159403e+00
1.566926286672366830e-01 5.002033209848206319e+00
1.568892751999539925e-01 5.001597218236356390e+00
1.570948104146884794e-01 5.001139142693782347e+00
1.573085140274312344e-01 5.000794808433776772e+00
1.575271904438860227e-01 5.000548291119175204e+00
1.577456303684725558e-01 5.000225066968754462e+00
1.579585957287126252e-01 4.999677186653895156e+00
1.581628535401839175e-01 4.998956975604446740e+00
1.583577122836577755e-01 4.998279059195824381e+00
1.585442618128858339e-01 4.997860237981138987e+00
1.587243083276396738e-01 4.997800892321149213e+00
1.588994362204036725e-01 4.998060429889875422e+00
1.590702186831507436e-01 4.998507779501943915e+00
1.592364160771067016e-01 4.999014137622427967e+00
1.593989972271648847e-01 4.999533263708428876e+00
1.595616198915967565e-01 5.000098977906079156e+00
1.597279686051367165e-01 5.000736002689913917e+00
1.598990650344346010e-01 5.001374215085038877e+00
1.600746853560873206e-01 5.001860933284799415e+00
1.602553402415472783e-01 5.002055094378756728e+00
1.604424913416805931e-01 5.001915439661775764e+00
1.606378242185696748e-01 5.001533088485440537e+00
1.608423795317957539e-01 5.001091711061239842e+00
1.610555215715608057e-01 5.000750271926879265e+00
1.612741294247551083e-01 5.000505530038058311e+00
1.614930145195752620e-01 5.000184829485152527e+00
1.617068912102832823e-01 4.999633110244793954e+00
1.619124377019061922e-01 4.998882115983295016e+00
1.621088688178124737e-01 4.998116166091775447e+00
1.622971987515851866e-01 4.997537635972319592e+00
1.624792274224801381e-01 4.997279806842138683e+00
1.626568271407818067e-01 4.997388406627339741e+00
1.628315832480958236e-01 4.997836892706744472e+00
1.630046738997890654e-01 4.998549541777671301e+00
1.631768827932507104e-01 4.999421702422595537e+00
1.633491955236042736e-01 5.000340756145310372e+00
1.635225860018979516e-01 5.001189225710031216e+00
1.636977991940462562e-01 5.001849302011216025e+00
1.638759446459344959e-01 5.002227964704148100e+00
1.640585126813326466e-01 5.002280484487012124e+00
1.642472683387809218e-01 5.002033701194457116e+00
1.644439215278138133e-01 5.001597263151866812e+00
1.646494576641734098e-01 5.001138480593150248e+00
1.648631580383696504e-01 5.000793435908946094e+00
1.650818303143466725e-01 5.000546617797286153e+00
1.653002675184270798e-01 5.000223721773581431e+00
1.655132307414412529e-01 4.999676560124586722e+00
1.657174842222225442e-01 4.998957019379185240e+00
1.659123347623810696e-01 4.998279473675749429e+00
1.660988730468010433e-01 4.997860735556209910e+00
1.662789078814222166e-01 4.997801343091915705e+00
1.664540264721548202e-01 4.998060872185244641e+00
1.666248037195416087e-01 4.998508318222365965e+00
1.667909999966055434e-01 4.999014808725143588e+00
1.669535828285842460e-01 4.999533984000533948e+00
1.671162086327556695e-01 5.000099605404407122e+00
1.672825619024324029e-01 5.000736441192734638e+00
1.674536656003980384e-01 5.001374498620582365e+00
1.676292967408171408e-01 5.001861197849062357e+00
1.678099646852377891e-01 5.002055432395492218e+00
1.679971278795502621e-01 5.001915769001725742e+00
1.681924685405894182e-01 5.001533139764862135e+00
1.683970258116420093e-01 5.001091166572264157e+00
1.686101653296070702e-01 5.000749038484003428e+00
1.688287694397817285e-01 5.000503953010213998e+00
1.690476518394669336e-01 5.000183524501903953e+00
1.692615260483381068e-01 4.999632502400051415e+00
1.694670676582304691e-01 4.998882214287499792e+00
1.696634899154886023e-01 4.998116707500980915e+00
1.698518075772338376e-01 4.997538309082172781e+00
1.700338225955555504e-01 4.997280381082104483e+00
1.702114097198370035e-01 4.997388770992393425e+00
1.703861563986367733e-01 4.997837043042247629e+00
1.705592422131984309e-01 4.998549544718374094e+00
1.707314515282959688e-01 4.999421657334843339e+00
1.709037698352836865e-01 5.000340766819808103e+00
1.710771704163161488e-01 5.001189383317919734e+00
1.712523971468087880e-01 5.001849663191185513e+00
1.714305578624674420e-01 5.002228518249708600e+00
1.716131406348331834e-01 5.002281118831763962e+00
1.718019080220387906e-01 5.002034192116231459e+00
1.719985678705094334e-01 5.001597308282338616e+00
1.722041049278824065e-01 5.001137819216070923e+00
1.724178020563389424e-01 5.000792064097028700e+00
1.726364701785457756e-01 5.000544944568225958e+00
1.728549046488290775e-01 5.000222376016356662e+00
1.730678657286423838e-01 4.999675932993702610e+00
1.732721148818386903e-01 4.998957063101620690e+00
1.734669572269581794e-01 4.998279888787398484e+00
1.736534842748931329e-01 4.997861234192208180e+00
1.738335074346480658e-01 4.997801794931941544e+00
1.740086167254312477e-01 4.998061315222739331e+00
1.741793887584284772e-01 4.998508857291103169e+00
1.743455839206741464e-01 4.999015479944672435e+00
1.745081684382598919e-01 4.999534704353279402e+00
1.746707973861718610e-01 5.000100232934318711e+00
1.748371552142522489e-01 5.000736879550044200e+00
1.750082661801563855e-01 5.001374781620151921e+00
1.751839081366012019e-01 5.001861461442317136e+00
1.753645891378306787e-01 5.002055769264250884e+00
1.755517644266663957e-01 5.001916097454716770e+00
1.757471128741682764e-01 5.001533190788563843e+00
1.759516721039488252e-01 5.001090622504503536e+00
1.761648090951716261e-01 5.000747805679067959e+00
1.763834094507271688e-01 5.000502376138912020e+00
1.766022891427675712e-01 5.000182219007056617e+00
1.768161608638792182e-01 4.999631893899730173e+00
1.770216975948840088e-01 4.998882312399409500e+00
1.772181110017732875e-01 4.998117249407767915e+00
1.774064164005561550e-01 4.997538983239511623e+00
1.775884177729910030e-01 4.997280956591171552e+00
1.777659923064628111e-01 4.997389136501782403e+00
1.779407295569604419e-01 4.997837194152715767e+00
1.781138105328451127e-01 4.998549547963273554e+00
1.782860202675447259e-01 4.999421612087596500e+00
1.784583441495481981e-01 5.000340776925301434e+00
1.786317548326142313e-01 5.001189540022158653e+00
1.788069951019679582e-01 5.001850023250896449e+00
1.789851710833425813e-01 5.002229070649301335e+00
1.791677685959909005e-01 5.002281752260866021e+00
1.793565477169918876e-01 5.002034682612603866e+00
1.795532142280225618e-01 5.001597353626862308e+00
1.797587522058045062e-01 5.001137158562309004e+00
1.799724460813406091e-01 5.000790692998965170e+00
1.801911100364944895e-01 5.000543271433697257e+00
1.804095417596874584e-01 5.000221029698074915e+00
1.806225006903141306e-01 4.999675305260752545e+00
1.808267455190215312e-01 4.998957106770256509e+00
1.810215796773773367e-01 4.998280304529115980e+00
1.812080954971575786e-01 4.997861733888061764e+00
1.813881069873223562e-01 4.997802247841048207e+00
1.815632069802451676e-01 4.998061759002847104e+00
1.817339737998251992e-01 4.998509396708817221e+00
1.819001678493234186e-01 4.999016151281449716e+00
1.820627540561996494e-01 4.999535424767012515e+00
1.822253861518524087e-01 5.000100860496321076e+00
1.823917485406043870e-01 5.000737317762712131e+00
1.825628667737187183e-01 5.001375064084871980e+00
1.827385195434449439e-01 5.001861724065444825e+00
1.829192135993226442e-01 5.002056104985132201e+00
1.831064009830156436e-01 5.001916425020001888e+00
1.833017572192868760e-01 5.001533241555373266e+00
1.835063184086994370e-01 5.001090078857170163e+00
1.837194528682490891e-01 5.000746573512484083e+00
1.839380494575977021e-01 5.000500799425664944e+00
1.841569264294843911e-01 5.000180913001836203e+00
1.843707956569047290e-01 4.999631284743677462e+00
1.845763275118554314e-01 4.998882410317727398e+00
1.847727320766532622e-01 4.998117791810480881e+00
1.849610252215442840e-01 4.997539658443015398e+00
1.851430129547882442e-01 4.997281533368871820e+00
1.853205749006701930e-01 4.997389503155887702e+00
1.854953027230833162e-01 4.997837346039069928e+00
1.856683788587462913e-01 4.998549551513438161e+00
1.858405890110117475e-01 4.999421566681834683e+00
1.860129184664081337e-01 5.000340786462622589e+00
1.861863392507974724e-01 5.001189695823387460e+00
1.863615930595234338e-01 5.001850382190713873e+00
1.865397843085526974e-01 5.002229621902867684e+00
1.867223965647918926e-01 5.002282384773775625e+00
1.869111874236218107e-01 5.002035172682666619e+00
1.871078606003351297e-01 5.001597399184513293e+00
1.873133994979286343e-01 5.001136498631574945e+00
1.875270901133763712e-01 5.000789322615695198e+00
1.877457498882041664e-01 5.000541598395392917e+00
1.879641788510116041e-01 5.000219682819766476e+00
1.881771356264549666e-01 4.999674676925300432e+00
1.883813761337604087e-01 4.998957150383614767e+00
1.885762021136272448e-01 4.998280720899284546e+00
1.887627067135895231e-01 4.997862234642695078e+00
1.889427065394502503e-01 4.997802701819036741e+00
1.891177972366090421e-01 4.998062203526058234e+00
1.892885588437452637e-01 4.998509936476125404e+00
1.894547517825642957e-01 4.999016822735937282e+00
1.896173396824113178e-01 4.999536145242036156e+00
1.897799749298043626e-01 5.000101488090874291e+00
1.899463418814971438e-01 5.000737755831602627e+00
1.901174673810941962e-01 5.001375346015866086e+00
1.902931309613540012e-01 5.001861985719297188e+00
1.904738380697106881e-01 5.002056439558220546e+00
1.906610375485848219e-01 5.001916751696849239e+00
1.908564015759258992e-01 5.001533292064134884e+00
1.910609647258769694e-01 5.001089535629454907e+00
1.912740966488341299e-01 5.000745341984660364e+00
1.914926894603994345e-01 5.000499222871959581e+00
1.917115636996246097e-01 5.000179606487408890e+00
1.919254304274122802e-01 4.999630674931764496e+00
1.921309574091335515e-01 4.998882508041185169e+00
1.923273531401153147e-01 4.998118334707471355e+00
1.925156340401906752e-01 4.997540334691415786e+00
1.926976081409491615e-01 4.997282111414699024e+00
1.928751575024700016e-01 4.997389870955072588e+00
1.930498758970214945e-01 4.997837498702210723e+00
1.932229471909194252e-01 4.998549555369947939e+00
1.933951577587118553e-01 4.999421521118563305e+00
1.935674927858741512e-01 5.000340795432612673e+00
1.937409236708712568e-01 5.001189850722248309e+00
1.939161910194743266e-01 5.001850740010961083e+00
1.940943975380903241e-01 5.002230172010329490e+00
1.942770245412222818e-01 5.002283016369916346e+00
1.944658271419101858e-01 5.002035662325480914e+00
1.946625069874289016e-01 5.001597444954422933e+00
1.948680468042440217e-01 5.001135839423635154e+00
1.950817341524476722e-01 5.000787952948148707e+00
1.953003897336856864e-01 5.000539925454985379e+00
1.955188159228105071e-01 5.000218335382413670e+00
1.957317705370629490e-01 4.999674047986892411e+00
1.959360067260445259e-01 4.998957193940245958e+00
1.961308245356961910e-01 4.998281137896278814e+00
1.963173179241844146e-01 4.997862736455031651e+00
1.964973060910369107e-01 4.997803156865736618e+00
1.966723874945350559e-01 4.998062648792860330e+00
1.968431438902023545e-01 4.998510476593676088e+00
1.970093357204077134e-01 4.999017494308584553e+00
1.971719253169027797e-01 4.999536865778688721e+00
1.973345637200346891e-01 5.000102115718499718e+00
1.975009352369389848e-01 5.000738193757587879e+00
1.976720680022918952e-01 5.001375627414251568e+00
1.978477423903338139e-01 5.001862246404720658e+00
1.980284625489916184e-01 5.002056772983599409e+00
1.982156741233608022e-01 5.001917077484513641e+00
1.984110459440658614e-01 5.001533342313685182e+00
1.986156110554645471e-01 5.001088992820562851e+00
1.988287404369212807e-01 5.000744111095980493e+00
1.990473294591386944e-01 5.000497646479288960e+00
1.992662009531953327e-01 5.000178299465033227e+00
1.994800651754000398e-01 4.999630064463858936e+00
1.996855872867072113e-01 4.998882605568526039e+00
1.998819741921462889e-01 4.998118878097083773e+00
2.000702428564875845e-01 4.997541011983382298e+00
2.002522033314756977e-01 4.997282690728142462e+00
2.004297401118733113e-01 4.997390239899694997e+00
2.006044490787913526e-01 4.997837652143080511e+00
2.007775155293814728e-01 4.998549559533880249e+00
2.009497265106598984e-01 4.999421475398752257e+00
2.011220671079566313e-01 5.000340803836099468e+00
2.012955080928410523e-01 5.001190004719370918e+00
2.014707889818201370e-01 5.001851096712015554e+00
2.016490107719481339e-01 5.002230720971606814e+00
2.018316525252681626e-01 5.002283647048720638e+00
2.020204668718386942e-01 5.002036151540134590e+00
2.022171533892857531e-01 5.001597490935631996e+00
2.024226941247394551e-01 5.001135180938200975e+00
2.026363781985561219e-01 5.000786583997268053e+00
2.028550295729503739e-01 5.000538252614185275e+00
2.030734529750934381e-01 5.000216987387052114e+00
2.032864054221365235e-01 4.999673418445043538e+00
2.034906372958631970e-01 4.998957237438642842e+00
2.036854469435727955e-01 4.998281555518448549e+00
2.038719291289375068e-01 4.997863239323996787e+00
2.040519056420873889e-01 4.997803612980963095e+00
2.042269777540354214e-01 4.998063094803742779e+00
2.043977289392102104e-01 4.998511017062086559e+00
2.045639196628645795e-01 4.999018165999844499e+00
2.047265109596818622e-01 4.999537586377313936e+00
2.048891525225502719e-01 5.000102743379656545e+00
2.050555286069381256e-01 5.000738631541515211e+00
2.052266686373210025e-01 5.001375908281131544e+00
2.054023538303901553e-01 5.001862506122598084e+00
2.055830870371626040e-01 5.002057105261391357e+00
2.057703107073304838e-01 5.001917402382272115e+00
2.059656903236876113e-01 5.001533392302865977e+00
2.061702573974454056e-01 5.001088450429686638e+00
2.063833842325050461e-01 5.000742880846848593e+00
2.066019694538217266e-01 5.000496070249147884e+00
2.068208381902035264e-01 5.000176991935863846e+00
2.070346999008657873e-01 4.999629453339839991e+00
2.072402171445652530e-01 4.998882702898477248e+00
2.074365952327328066e-01 4.998119421977673227e+00
2.076248516704272129e-01 4.997541690317627960e+00
2.078067985263696016e-01 4.997283271308751829e+00
2.079843227288906415e-01 4.997390609990117305e+00
2.081590222684091274e-01 4.997837806362567470e+00
2.083320838741497538e-01 4.998549564006314228e+00
2.085042952668706151e-01 4.999421429523410509e+00
2.086766414326662322e-01 5.000340811673900987e+00
2.088500925167120492e-01 5.001190157815409876e+00
2.090253869465603653e-01 5.001851452294221900e+00
2.092036240101188549e-01 5.002231268786642815e+00
2.093862805169157681e-01 5.002284276809651153e+00
2.095751066133887952e-01 5.002036640325721706e+00
2.097717998058875322e-01 5.001597537127263848e+00
2.099773414594039156e-01 5.001134523175013946e+00
2.101910222517032190e-01 5.000785215763982272e+00
2.104096694060093309e-01 5.000536579874683696e+00
2.106280900078695839e-01 5.000215638834686338e+00
2.108410402816741080e-01 4.999672788299335480e+00
2.110452678432057361e-01 4.998957280877363907e+00
2.112400693372454563e-01 4.998281973764177266e+00
2.114265403278441924e-01 4.997863743248520230e+00
2.116065051926069307e-01 4.997804070164515444e+00
2.117815680151224067e-01 4.998063541559187861e+00
2.119523139907825426e-01 4.998511557882006962e+00
2.121185036099457744e-01 4.999018837810141669e+00
2.122810966107563091e-01 4.999538307038200458e+00
2.124437413373581884e-01 5.000103371074833269e+00
2.126101219915030871e-01 5.000739069184251484e+00
2.127812692861906774e-01 5.001376188617661533e+00
2.129569652815284375e-01 5.001862764873797218e+00
2.131377115342206197e-01 5.002057436391686984e+00
2.133249473004807384e-01 5.001917726389377705e+00
2.135203347147717479e-01 5.001533442030503984e+00
2.137249037518025585e-01 5.001087908455989606e+00
2.139380280355799302e-01 5.000741651237665231e+00
2.141566094444546930e-01 5.000494494183043592e+00
2.143754754106565186e-01 5.000175683901135315e+00
2.145893346038075800e-01 4.999628841559584203e+00
2.147948469826964080e-01 4.998882800029764262e+00
2.149912162618616840e-01 4.998119966347579712e+00
2.151794604820020662e-01 4.997542369692856923e+00
2.153613937256325106e-01 4.997283853155983557e+00
2.155389053535329558e-01 4.997390981226691231e+00
2.157135954658909172e-01 4.997837961361605963e+00
2.158866522252415043e-01 4.998549568788320130e+00
2.160588640273588268e-01 4.999421383493516835e+00
2.162312157600133622e-01 5.000340818946857446e+00
2.164046769424897987e-01 5.001190310011006446e+00
2.165799849136942345e-01 5.001851806757922070e+00
2.167582372525953260e-01 5.002231815455354003e+00
2.169409085161511375e-01 5.002284905652145675e+00
2.171297463665422256e-01 5.002037128681311451e+00
2.173264462372160311e-01 5.001597583528385904e+00
2.175319888082263287e-01 5.001133866133816497e+00
2.177456663118904623e-01 5.000783848249216845e+00
2.179643092328738818e-01 5.000534907238158411e+00
2.181827270211479097e-01 5.000214289726334194e+00
2.183956751156739817e-01 4.999672157549288620e+00
2.185998983680614294e-01 4.998957324254923229e+00
2.187946917167027661e-01 4.998282392631828053e+00
2.189811515208998360e-01 4.997864248227509520e+00
2.191611047426003933e-01 4.997804528416195602e+00
2.193361582778082242e-01 4.998063989059695622e+00
2.195068990449329516e-01 4.998512099054055469e+00
2.196730875616622336e-01 4.999019509739936140e+00
2.198356822701340030e-01 4.999539027761692012e+00
2.199983301644653499e-01 5.000103998804505956e+00
2.201647153906420573e-01 5.000739506686650238e+00
2.203358699489098571e-01 5.001376468424941102e+00
2.205115767437544061e-01 5.001863022659171598e+00
2.206923360401625844e-01 5.002057766374586656e+00
2.208795839027983821e-01 5.001918049505099440e+00
2.210749791172988976e-01 5.001533491495447237e+00
2.212795501185191582e-01 5.001087366898703479e+00
2.214926718461404653e-01 5.000740422268819430e+00
2.217112494310439497e-01 5.000492918282453125e+00
2.219301126145614700e-01 5.000174375362053780e+00
2.221439692842233915e-01 4.999628229122966339e+00
2.223494768010895184e-01 4.998882896961109878e+00
2.225458372795198758e-01 4.998120511205168981e+00
2.227340692912041786e-01 4.997543050107760898e+00
2.229159889292663399e-01 4.997284436269382013e+00
2.230934879858111064e-01 4.997391353609769382e+00
2.232681686712531810e-01 4.997838117141099268e+00
2.234412205826739328e-01 4.998549573880965546e+00
2.236134327921391052e-01 4.999421337310052671e+00
2.237857900900087904e-01 5.000340825655780641e+00
2.239592613701794355e-01 5.001190461306785906e+00
2.241345828832212173e-01 5.001852160103493539e+00
2.243128504993701922e-01 5.002232360977694192e+00
2.244955365229604483e-01 5.002285533575655307e+00
2.246843861312806945e-01 5.002037616605997883e+00
2.248810926832530699e-01 5.001597630138132189e+00
2.250866361711957586e-01 5.001133209814331515e+00
2.253003103791193784e-01 5.000782481453909689e+00
2.255189490535548236e-01 5.000533234706299623e+00
2.257373640149378524e-01 5.000212940062994882e+00
2.259503099241346735e-01 4.999671526194457982e+00
2.261545288704196466e-01 4.998957367569876631e+00
2.263493140819331229e-01 4.998282812119769325e+00
2.265357627080994141e-01 4.997864754259885522e+00
2.267157042920729115e-01 4.997804987735820603e+00
2.268907485421051140e-01 4.998064437305725249e+00
2.270614841016749819e-01 4.998512640578877786e+00
2.272276715180248652e-01 4.999020181789680883e+00
2.273902679378227709e-01 4.999539748548121665e+00
2.275529190038788341e-01 5.000104626569171984e+00
2.277193088043634184e-01 5.000739944049583663e+00
2.278904706254876733e-01 5.001376747704115999e+00
2.280661882170736121e-01 5.001863279479585422e+00
2.282469605549856395e-01 5.002058095210188959e+00
2.284342205142702587e-01 5.001918371728709012e+00
2.286296235312496317e-01 5.001533540696545543e+00
2.288341964975783294e-01 5.001086825757008469e+00
2.290473156641811003e-01 5.000739193940711758e+00
2.292658894135955194e-01 5.000491342548875728e+00
2.294847498019254861e-01 5.000173066319824500e+00
2.296986039421113623e-01 4.999627616029867383e+00
2.299041065997333988e-01 4.998882993691259102e+00
2.301004582856940595e-01 4.998121056548768593e+00
2.302886780980258619e-01 4.997543731561014724e+00
2.304705841372726993e-01 4.997285020648404519e+00
2.306480706257356683e-01 4.997391727139713247e+00
2.308227418845120171e-01 4.997838273701949774e+00
2.309957889464641645e-01 4.998549579285352706e+00
2.311680015612264105e-01 4.999421290974011001e+00
2.313403644226629530e-01 5.000340831801516117e+00
2.315138457997865662e-01 5.001190611703409061e+00
2.316891808551408138e-01 5.001852512331292466e+00
2.318674637504362923e-01 5.002232905353571901e+00
2.320501645373299615e-01 5.002286160579631158e+00
2.322390259075857166e-01 5.002038104098872395e+00
2.324357391439803577e-01 5.001597676955542582e+00
2.326412835483011032e-01 5.001132554216288995e+00
2.328549544533913829e-01 5.000781115378982733e+00
2.330735888680635637e-01 5.000531562280809084e+00
2.332920009892486268e-01 5.000211589845722671e+00
2.335049447070545459e-01 4.999670894234405694e+00
2.337091593502697018e-01 4.998957410820718650e+00
2.339039364329249249e-01 4.998283232226369499e+00
2.340903738894384301e-01 4.997865261344574428e+00
2.342703038410296756e-01 4.997805448123171068e+00
2.344453388080249834e-01 4.998064886297759024e+00
2.346160691610223725e-01 4.998513182457081427e+00
2.347822554790444938e-01 4.999020853959796895e+00
2.349448536138305510e-01 4.999540469397818043e+00
2.351075078556055797e-01 5.000105254369302088e+00
2.352739022326754970e-01 5.000740381273911517e+00
2.354450713159334518e-01 5.001377026456284902e+00
2.356207997014916899e-01 5.001863535335931310e+00
2.358015850786867318e-01 5.002058422898612022e+00
2.359888571348834896e-01 5.001918693059483445e+00
2.361842679566046876e-01 5.001533589632625620e+00
2.363888428889630855e-01 5.001086285030086565e+00
2.366019594896963396e-01 5.000737966253725020e+00
2.368205293921155086e-01 5.000489766983791995e+00
2.370393869727558944e-01 5.000171756775667831e+00
2.372532385774694941e-01 4.999627002280182531e+00
2.374587363786169469e-01 4.998883090218969372e+00
2.376550792803709955e-01 4.998121602376738082e+00
2.378432869024594276e-01 4.997544414051334982e+00
2.380251793496533375e-01 4.997285606292558136e+00
2.382026532733176050e-01 4.997392101816866550e+00
2.383773151056836903e-01 4.997838431045076746e+00
2.385503573166293800e-01 4.998549585002523443e+00
2.387225703346355643e-01 4.999421244486387472e+00
2.388949387579863415e-01 5.000340837384911197e+00
2.390684302313165754e-01 5.001190761201527835e+00
2.392437788294524137e-01 5.001852863441677677e+00
2.394220770057861880e-01 5.002233448582944497e+00
2.396047925592458550e-01 5.002286786663518114e+00
2.397936656954390566e-01 5.002038591159005065e+00
2.399903856193796037e-01 5.001597723979731569e+00
2.401959309395311493e-01 5.001131899339433140e+00
2.404095985347080022e-01 5.000779750025372117e+00
2.406282286764112044e-01 5.000529889963377883e+00
2.408466379440895588e-01 5.000210239075513208e+00
2.410595794644321277e-01 4.999670261668677895e+00
2.412637898076008813e-01 4.998957454006007772e+00
2.414585587696667646e-01 4.998283652949991662e+00
2.416449850649120268e-01 4.997865769480478448e+00
2.418249033894755151e-01 4.997805909578062256e+00
2.419999290755802390e-01 4.998065336036279227e+00
2.421706542229888071e-01 4.998513724689311211e+00
2.423368394447321383e-01 4.999021526250754910e+00
2.424994392981650593e-01 4.999541190311087568e+00
2.426620967196524703e-01 5.000105882205382102e+00
2.428284956755865087e-01 5.000740818360473128e+00
2.429996720202562410e-01 5.001377304682578462e+00
2.431754111970143295e-01 5.001863790229066353e+00
2.433562096112631135e-01 5.002058749439975749e+00
2.435434937646250020e-01 5.001919013496711308e+00
2.437389123933448309e-01 5.001533638302535500e+00
2.439434892926565235e-01 5.001085744717132187e+00
2.441566033226804933e-01 5.000736739208234027e+00
2.443751693666103286e-01 5.000488191588699394e+00
2.445940241270598559e-01 5.000170446730785478e+00
2.448078731902957050e-01 4.999626387873782107e+00
2.450133661377292549e-01 4.998883186542957269e+00
2.452097002635374723e-01 4.998122148687420996e+00
2.453978957044970766e-01 4.997545097577408946e+00
2.455797745664098641e-01 4.997286193201356141e+00
2.457572359285675190e-01 4.997392477641580122e+00
2.459318883347842710e-01 4.997838589171375467e+00
2.461049256931868712e-01 4.998549591033549788e+00
2.462771391123812492e-01 4.999421197848160858e+00
2.464495130959896418e-01 5.000340842406769681e+00
2.466230146647747923e-01 5.001190909801754181e+00
2.467983768061554339e-01 5.001853213434998224e+00
2.469766902654128293e-01 5.002233990665740038e+00
2.471594205886941953e-01 5.002287411826780605e+00
2.473483054948222293e-01 5.002039077785509491e+00
2.475450321094328499e-01 5.001597771209802090e+00
2.477505783448747390e-01 5.001131245183474405e+00
2.479642426230705410e-01 5.000778385393974901e+00
2.481828684786088202e-01 5.000528217755699778e+00
2.484012748794697523e-01 5.000208887753398557e+00
2.486142141962657814e-01 4.999669628496843821e+00
2.488184202424026659e-01 4.998957497124271399e+00
2.490131810921468458e-01 4.998284074289007783e+00
2.491995962345154303e-01 4.997866278666503348e+00
2.493795029374154260e-01 4.997806372100288108e+00
2.495545193447829546e-01 4.998065786521774356e+00
2.497252392875876914e-01 4.998514267276206624e+00
2.498914234150986513e-01 4.999022198662980365e+00
2.500540249908341783e-01 4.999541911288270413e+00
2.502166855960266112e-01 5.000106510077889865e+00
2.503830891331049746e-01 5.000741255310146904e+00
2.505542727384651447e-01 5.001377582384127329e+00
2.507300227036472484e-01 5.001864044159873401e+00
2.509108341527117592e-01 5.002059074834365404e+00
2.510981304034815009e-01 5.001919333039652749e+00
2.512935568414507714e-01 5.001533686705128545e+00
2.514981357086418234e-01 5.001085204817337981e+00
2.517112471631279824e-01 5.000735512804639349e+00
2.519298093370860858e-01 5.000486616365082959e+00
2.521486612648445313e-01 5.000169136186407570e+00
2.523625077805884409e-01 4.999625772810559532e+00
2.525679958770590816e-01 4.998883282661969574e+00
2.527643212351803892e-01 4.998122695479164435e+00
2.529525045041309816e-01 4.997545782137912340e+00
2.531343697875441112e-01 4.997286781374270070e+00
2.533118185914962073e-01 4.997392854614195912e+00
2.534864615718302461e-01 4.997838748081759874e+00
2.536594940761538464e-01 4.998549597379534859e+00
2.538317078944783978e-01 4.999421151060328583e+00
2.540040874366832901e-01 5.000340846867922906e+00
2.541775991001667401e-01 5.001191057504759563e+00
2.543529747852493750e-01 5.001853562311640466e+00
2.545313035293088610e-01 5.002234531601887468e+00
2.547140486256613268e-01 5.002288036068851973e+00
2.549029453057168326e-01 5.002039563977446868e+00
2.550996786141218053e-01 5.001597818644837545e+00
2.553052257643209644e-01 5.001130591748147225e+00
2.555188867184805535e-01 5.000777021485729001e+00
2.557375082746677908e-01 5.000526545659438327e+00
2.559559117953986163e-01 5.000207535880401899e+00
2.561688489025544246e-01 4.999668994718459381e+00
2.563730506546647026e-01 4.998957540174059133e+00
2.565678034003538999e-01 4.998284496241765851e+00
2.567542073982437834e-01 4.997866788901577095e+00
2.569341024848542654e-01 4.997806835689629246e+00
2.571091096156451483e-01 4.998066237754698271e+00
2.572798243548325980e-01 4.998514810218352977e+00
2.574460073901549406e-01 4.999022871196928897e+00
2.576086106918458740e-01 4.999542632329681879e+00
2.577712744847349691e-01 5.000107137987301442e+00
2.579376826052390270e-01 5.000741692123786386e+00
2.581088734705691001e-01 5.001377859562051498e+00
2.582846342213958590e-01 5.001864297129213988e+00
2.584654587030300044e-01 5.002059399081919544e+00
2.586527670514403021e-01 5.001919651687595447e+00
2.588482013009029692e-01 5.001533734839235912e+00
2.590527821369018047e-01 5.001084665329896595e+00
2.592658910110335335e-01 5.000734287043328230e+00
2.594844493035488586e-01 5.000485041314417956e+00
2.597032983861172206e-01 5.000167825143736700e+00
2.599171423483455645e-01 4.999625157090388683e+00
2.601226255965953249e-01 4.998883378574725533e+00
2.603189421952865068e-01 4.998123242750319939e+00
2.605071133013531215e-01 4.997546467731544872e+00
2.606889650130572722e-01 4.997287370810776785e+00
2.608664012621143558e-01 4.997393232735054092e+00
2.610410348168374361e-01 4.997838907777143014e+00
2.612140624655474030e-01 4.998549604041527594e+00
2.613862766809416094e-01 4.999421104123871196e+00
2.615586617800779723e-01 5.000340850769211087e+00
2.617321835374976091e-01 5.001191204311171035e+00
2.619075727667334319e-01 5.001853910071915266e+00
2.620859167974670667e-01 5.002235071391336163e+00
2.622686766701334826e-01 5.002288659389208192e+00
2.624575851281045202e-01 5.002040049733932570e+00
2.626543251334281792e-01 5.001597866283919558e+00
2.628598731978584180e-01 5.001129939033158500e+00
2.630735308209392609e-01 5.000775658301543025e+00
2.632921480645988854e-01 5.000524873676298832e+00
2.635105486918856155e-01 5.000206183457551745e+00
2.637234835832961144e-01 4.999668360333076933e+00
2.639276810443760279e-01 4.998957583153877948e+00
2.641224256942761306e-01 4.998284918806634280e+00
2.643088185560922287e-01 4.997867300184589467e+00
2.644887020317972515e-01 4.997807300345904480e+00
2.646636998881791714e-01 4.998066689735533252e+00
2.648344094247375158e-01 4.998515353516427062e+00
2.650005913699117754e-01 4.999023543853033047e+00
2.651631964012077236e-01 4.999543353435631943e+00
2.653258633857845106e-01 5.000107765934098225e+00
2.654922760919969926e-01 5.000742128802246000e+00
2.656634742165775442e-01 5.001378136217490500e+00
2.658392457502661843e-01 5.001864549137980731e+00
2.660200832622147682e-01 5.002059722182755408e+00
2.662074037084881661e-01 5.001919969439812874e+00
2.664028457716824394e-01 5.001533782703709186e+00
2.666074285774197583e-01 5.001084126253973139e+00
2.668205348663911236e-01 5.000733061924661271e+00
2.670390892660048920e-01 5.000483466438204516e+00
2.672579354908850013e-01 5.000166513603999441e+00
2.674717768935654938e-01 4.999624540713193177e+00
2.676772552963270768e-01 4.998883474279995021e+00
2.678735631438424192e-01 4.998123790499243491e+00
2.680617220961559188e-01 4.997547154356991150e+00
2.682435602429514843e-01 4.997287961510368248e+00
2.684209839404326781e-01 4.997393612004493058e+00
2.685956080698220227e-01 4.997839068258395301e+00
2.687686308613848607e-01 4.998549611020609795e+00
2.689408454717857611e-01 4.999421057039779903e+00
2.691132361261843187e-01 5.000340854111462896e+00
2.692867679767730338e-01 5.001191350221661835e+00
2.694621707506076880e-01 5.001854256716247171e+00
2.696405300698802576e-01 5.002235610034034607e+00
2.698233047220965353e-01 5.002289281787293262e+00
2.700122249619669734e-01 5.002040535054034898e+00
2.702089716673333752e-01 5.001597914126131528e+00
2.704145206454760531e-01 5.001129287038258653e+00
2.706281749304482176e-01 5.000774295842347783e+00
2.708467878484135394e-01 5.000523201807983042e+00
2.710651855689399925e-01 5.000204830485884600e+00
2.712781182384896850e-01 4.999667725340271041e+00
2.714823114115264557e-01 4.998957626062294324e+00
2.716770479739022970e-01 4.998285341981995700e+00
2.718634297080558815e-01 4.997867812514461328e+00
2.720433015782489083e-01 4.997807766068874002e+00
2.722182901623968476e-01 4.998067142464745594e+00
2.723889944973159616e-01 4.998515897171026623e+00
2.725551753543805633e-01 4.999024216631753781e+00
2.727177821189274987e-01 4.999544074606460775e+00
2.728804522991820636e-01 5.000108393918748284e+00
2.730468695933872536e-01 5.000742565346384616e+00
2.732180749764995253e-01 5.001378412351543012e+00
2.733938572902636643e-01 5.001864800187052040e+00
2.735747078302633306e-01 5.002060044136988459e+00
2.737620403746121589e-01 5.001920286295601592e+00
2.739574902537697532e-01 5.001533830297391070e+00
2.741620750301785869e-01 5.001083587588779800e+00
2.743751787291954236e-01 5.000731837449028383e+00
2.745937292244601258e-01 5.000481891737909912e+00
2.748125725791554785e-01 5.000165201568385953e+00
2.750264114162460638e-01 4.999623923678838899e+00
2.752318849762430686e-01 4.998883569776523927e+00
2.754281840808352477e-01 4.998124338724278637e+00
2.756163308885316576e-01 4.997547842012933117e+00
2.757981554772277466e-01 4.997288553472550632e+00
2.759755666264614993e-01 4.997393992422866305e+00
2.761501813308003817e-01 4.997839229526444882e+00
2.763231992636832057e-01 4.998549618317841947e+00
2.764954142670258963e-01 4.999421009809044136e+00
2.766678104750127654e-01 5.000340856895510555e+00
2.768413524179982876e-01 5.001191495236837703e+00
2.770167687368709220e-01 5.001854602244960368e+00
2.771951433465410508e-01 5.002236147529907306e+00
2.773779327815371065e-01 5.002289903262560067e+00
2.775668648072859290e-01 5.002041019936858568e+00
2.777636182158194633e-01 5.001597962170590606e+00
2.779691681071628229e-01 5.001128635763165242e+00
2.781828190470085893e-01 5.000772934109050993e+00
2.784014276261227994e-01 5.000521530056167840e+00
2.786198224265710732e-01 5.000203476966422755e+00
2.788327528681335266e-01 4.999667089739586068e+00
2.790369417561050502e-01 4.998957668897815232e+00
2.792316702392205197e-01 4.998285765766199873e+00
2.794180408541300786e-01 4.997868325890094887e+00
2.795979011242144541e-01 4.997808232858336197e+00
2.797728804383102785e-01 4.998067595942808694e+00
2.799435795725811471e-01 4.998516441182787595e+00
2.801097593435719624e-01 4.999024889533528082e+00
2.802723678450134703e-01 4.999544795842500555e+00
2.804350412249344560e-01 5.000109021941751664e+00
2.806014631094181366e-01 5.000743001757046891e+00
2.807726757503442028e-01 5.001378687965366332e+00
2.809484688413941833e-01 5.001865050277304547e+00
2.811293324071729161e-01 5.002060364944744819e+00
2.813166770497994018e-01 5.001920602254244841e+00
2.815121347471454261e-01 5.001533877619149138e+00
2.817167214951614707e-01 5.001083049333497677e+00
2.819298225994407714e-01 5.000730613616818587e+00
2.821483691789210546e-01 5.000480317215034276e+00
2.823672096509354801e-01 5.000163889038138798e+00
2.825810459163860533e-01 4.999623305987237032e+00
2.827865146363326421e-01 4.998883665063044823e+00
2.829828050062515588e-01 4.998124887423768925e+00
2.831709396784721777e-01 4.997548530698060709e+00
2.833527507158882797e-01 4.997289146696767048e+00
2.835301493202115886e-01 4.997394373990470484e+00
2.837047545997882780e-01 4.997839391582164836e+00
2.838777676724597021e-01 4.998549625934301410e+00
2.840499830666770031e-01 4.999420962432669313e+00
2.842223848265740260e-01 5.000340859122195170e+00
2.843959368611790883e-01 5.001191639357380758e+00
2.845713667255229118e-01 5.001854946658420786e+00
2.847497566274423964e-01 5.002236683878895640e+00
2.849325608484410965e-01 5.002290523814481915e+00
2.851215046640429573e-01 5.002041504381499415e+00
2.853182647788683468e-01 5.001598010416372198e+00
2.855238155829071811e-01 5.001127985207596716e+00
2.857374631706220969e-01 5.000771573102581691e+00
2.859560673977377676e-01 5.000519858422548758e+00
2.861744592647883501e-01 5.000202122900207158e+00
2.863873874722265289e-01 4.999666453530617893e+00
2.865915720781016529e-01 4.998957711658997383e+00
2.867862924902193633e-01 4.998286190157596565e+00
2.869726519943094911e-01 4.997868840310367489e+00
2.871525006696984406e-01 4.997808700714068131e+00
2.873274707159316210e-01 4.998068050170172860e+00
2.874981646505470056e-01 4.998516985552330816e+00
2.876643433374966308e-01 4.999025562558798264e+00
2.878269535794730771e-01 4.999545517144057705e+00
2.879896301630492927e-01 5.000109650003571993e+00
2.881560566400977463e-01 5.000743438035110344e+00
2.883272765381205138e-01 5.001378963060053806e+00
2.885030804036632368e-01 5.001865299409621990e+00
2.886839569929405269e-01 5.002060684606141727e+00
2.888713137340366277e-01 5.001920917315014314e+00
2.890667792517903067e-01 5.001533924667793229e+00
2.892713679723510900e-01 5.001082511487293658e+00
2.894844664771212828e-01 5.000729390428368504e+00
2.897030091293933962e-01 5.000478742871041327e+00
2.899218467062328330e-01 5.000162576014487215e+00
2.901356803939832418e-01 4.999622687638284546e+00
2.903411442765847505e-01 4.998883760138302712e+00
2.905374259200781406e-01 4.998125436596059679e+00
2.907255484659694855e-01 4.997549220411031889e+00
2.909073459589340827e-01 4.997289741182504130e+00
2.910847320216935485e-01 4.997394756707668861e+00
2.912593278768020877e-01 4.997839554426483311e+00
2.914323360877317248e-01 4.998549633871057551e+00
2.916045518707530704e-01 4.999420914911616443e+00
2.917769591808785923e-01 5.000340860792340969e+00
2.919505213063205429e-01 5.001191782583916279e+00
2.921259647165632134e-01 5.001855289957010342e+00
2.923043699125769668e-01 5.002237219080954311e+00
2.924871889227950161e-01 5.002291143442512578e+00
2.926761445322195732e-01 5.002041988387055937e+00
2.928729113564618736e-01 5.001598058862593454e+00
2.930784630726980811e-01 5.001127335371272409e+00
2.932921073012897950e-01 5.000770212823801408e+00
2.935107071632694353e-01 5.000518186908782248e+00
2.937290960836011489e-01 5.000200768288268094e+00
2.939420220507675263e-01 4.999665816712926869e+00
2.941462023775054946e-01 4.998957754344398374e+00
2.943409147268874482e-01 4.998286615154568402e+00
2.945272631285895670e-01 4.997869355774205324e+00
2.947071002147060303e-01 4.997809169635857529e+00
2.948820609952729765e-01 4.998068505147318596e+00
2.950527497312269154e-01 4.998517530280265575e+00
2.952189273361658373e-01 4.999026235707992427e+00
2.953815393223142571e-01 4.999546238511447527e+00
2.955442191135329022e-01 5.000110278104672012e+00
2.957106501854346314e-01 5.000743874181412529e+00
2.958818773398379509e-01 5.001379237636768060e+00
2.960576919770770421e-01 5.001865547584888994e+00
2.962385815875634987e-01 5.002061003121315075e+00
2.964259504273112911e-01 5.001921231477219898e+00
2.966214237676851884e-01 5.001533971442200688e+00
2.968260144617308471e-01 5.001081974049356837e+00
2.970391103622312401e-01 5.000728167884068931e+00
2.972576490758834233e-01 5.000477168707418762e+00
2.974764837450544763e-01 5.000161262498640902e+00
2.976903148490360196e-01 4.999622068631882854e+00
2.978957738969881253e-01 4.998883855001070131e+00
2.980920468223019482e-01 4.998125986239508656e+00
2.982801572510160870e-01 4.997549911150571234e+00
2.984619412063667654e-01 4.997290336929247623e+00
2.986393147309179263e-01 4.997395140574774963e+00
2.988139011618577423e-01 4.997839718060268055e+00
2.989869045095163158e-01 4.998549642129170856e+00
2.991591206792698077e-01 4.999420867246892719e+00
2.993315335379373998e-01 5.000340861906786394e+00
2.995051057534283134e-01 5.001191924917112175e+00
2.996805627099914382e-01 5.001855632141091412e+00
2.998589832019377122e-01 5.002237753136038911e+00
3.000418170045849875e-01 5.002291762146120924e+00
3.002307844117976243e-01 5.002042471952631075e+00
3.004275579485813918e-01 5.001598107508316460e+00
3.006331105765243095e-01 5.001126686253897446e+00
3.008467514390130715e-01 5.000768853273681813e+00
3.010653469227291268e-01 5.000516515516603810e+00
3.012837328830190731e-01 5.000199413131646509e+00
3.014966566037547979e-01 4.999665179286089334e+00
3.017008326543060281e-01 4.998957796952526067e+00
3.018955369492130059e-01 4.998287040755473143e+00
3.020818742569655324e-01 4.997869872280507941e+00
3.022616997592416643e-01 4.997809639623473466e+00
3.024366512763459469e-01 4.998068960874705979e+00
3.026073348146344766e-01 4.998518075367226920e+00
3.027735113395905731e-01 4.999026908981575978e+00
3.029361250735450595e-01 4.999546959945019076e+00
3.030988080763926673e-01 5.000110906245544662e+00
3.032652437454370631e-01 5.000744310196812314e+00
3.034364781555053403e-01 5.001379511696605107e+00
3.036123035616407617e-01 5.001865794803998178e+00
3.037932061910391668e-01 5.002061320490409635e+00
3.039805871296102913e-01 5.001921544740151049e+00
3.041760682948106975e-01 5.001534017941208887e+00
3.043806609632833116e-01 5.001081437018881637e+00
3.045937542547651478e-01 5.000726945984301786e+00
3.048122890183974643e-01 5.000475594725669382e+00
3.050311207674079039e-01 5.000159948491828210e+00
3.052449492815427767e-01 4.999621448967937809e+00
3.054504034975319970e-01 4.998883949650056557e+00
3.056466677129099363e-01 4.998126536352460292e+00
3.058347660336036555e-01 4.997550602915304729e+00
3.060165364581877712e-01 4.997290933936452184e+00
3.061938974478956021e-01 4.997395525592139620e+00
3.063684744549714511e-01 4.997839882484426788e+00
3.065414729378306280e-01 4.998549650709732006e+00
3.067136894922415924e-01 4.999420819439486685e+00
3.068861078977604406e-01 5.000340862466355674e+00
3.070596902025077291e-01 5.001192066357598165e+00
3.072351607058067535e-01 5.001855973211027262e+00
3.074135964955177491e-01 5.002238286044081050e+00
3.075964450937969663e-01 5.002292379924775823e+00
3.077854243027586811e-01 5.002042955077299347e+00
3.079822045552085830e-01 5.001598156352648594e+00
3.081877580943744865e-01 5.001126037855214257e+00
3.084013955837930365e-01 5.000767494453079109e+00
3.086199866761281663e-01 5.000514844247661017e+00
3.088383696630515041e-01 5.000198057431390453e+00
3.090512911311875666e-01 4.999664541249681626e+00
3.092554629084930395e-01 4.998957839481943388e+00
3.094501591571844346e-01 4.998287466958643677e+00
3.096364853794320582e-01 4.997870389828136695e+00
3.098162993033101720e-01 4.997810110676688566e+00
3.099912415591627446e-01 4.998069417352779098e+00
3.101619199007832894e-01 4.998518620813832136e+00
3.103280953477813298e-01 4.999027582379987678e+00
3.104907108331730892e-01 4.999547681445070779e+00
3.106533970516351384e-01 5.000111534426673998e+00
3.108198373201133125e-01 5.000744746082179226e+00
3.109910789851319524e-01 5.001379785240697373e+00
3.111669151573603909e-01 5.001866041067829727e+00
3.113478308033644781e-01 5.002061636713521331e+00
3.115352238409206942e-01 5.001921857103092783e+00
3.117307128331476274e-01 5.001534064163675630e+00
3.119353074769918299e-01 5.001080900395048268e+00
3.121483981547173436e-01 5.000725724729417010e+00
3.123669289569411256e-01 5.000474020927208940e+00
3.125857577733003878e-01 5.000158633995262392e+00
3.127995836915018479e-01 4.999620828646343718e+00
3.130050330782056522e-01 4.998884044084032752e+00
3.132012885918882827e-01 4.998127086933243923e+00
3.133893748137244750e-01 4.997551295703922314e+00
3.135711317143987098e-01 4.997291532203606224e+00
3.137484801726369010e-01 4.997395911760070142e+00
3.139230477561594235e-01 4.997840047699857458e+00
3.140960413726917588e-01 4.998549659613789942e+00
3.142682583096831905e-01 4.999420771490371784e+00
3.144406822603587615e-01 5.000340862471880143e+00
3.146142746535643964e-01 5.001192206906028836e+00
3.147897587040089373e-01 5.001856313167202472e+00
3.149682097933094727e-01 5.002238817805032767e+00
3.151510731904174634e-01 5.002292996777919498e+00
3.153400642050842584e-01 5.002043437760160138e+00
3.155368511763255168e-01 5.001598205394675922e+00
3.157424056262377876e-01 5.001125390174921748e+00
3.159560397356311889e-01 5.000766136362929437e+00
3.161746264234774895e-01 5.000513173103658282e+00
3.163930064237080453e-01 5.000196701188533766e+00
3.166059256330639449e-01 4.999663902603270316e+00
3.168100931400558706e-01 4.998957881931186620e+00
3.170047813507902990e-01 4.998287893762475953e+00
3.171910964959844259e-01 4.997870908416031099e+00
3.173708988469163828e-01 4.997810582795297663e+00
3.175458318437353045e-01 4.998069874582009575e+00
3.177165049896868987e-01 4.998519166620707388e+00
3.178826793607492096e-01 4.999028255903645857e+00
3.180452966012062288e-01 4.999548403011917941e+00
3.182079860392675874e-01 5.000112162648495229e+00
3.183744309094714842e-01 5.000745181838350817e+00
3.185456798287271130e-01 5.001380058270196827e+00
3.187215267642419803e-01 5.001866286377281590e+00
3.189024554245367682e-01 5.002061951790816252e+00
3.190898605612296768e-01 5.001922168565361204e+00
3.192853573826767155e-01 5.001534110108455167e+00
3.194899540028390827e-01 5.001080364177016513e+00
3.197030420620815550e-01 5.000724504119772540e+00
3.199215688915209022e-01 5.000472447313559776e+00
3.201403947627393110e-01 5.000157319010187784e+00
3.203542180789113458e-01 4.999620207667017979e+00
3.205596626389978776e-01 4.998884138301759705e+00
3.207559094592244420e-01 4.998127637980232407e+00
3.209439835913708294e-01 4.997551989515137905e+00
3.211257269750010246e-01 4.997292131730165288e+00
3.213030629051520370e-01 4.997396299078880944e+00
3.214776210654375910e-01 4.997840213707431367e+00
3.216506098141168613e-01 4.998549668842407812e+00
3.218228271316097011e-01 4.999420723400554323e+00
3.219952566257430759e-01 5.000340861924202684e+00
3.221688591066038665e-01 5.001192346563051672e+00
3.223443567045973235e-01 5.001856652009947446e+00
3.225228230953059438e-01 5.002239348418839882e+00
3.227057012944328784e-01 5.002293612705025261e+00
3.228947041187560929e-01 5.002043920000329713e+00
3.230914978119138192e-01 5.001598254633497831e+00
3.232970531721024443e-01 5.001124743212756130e+00
3.235106838945286389e-01 5.000764779004132521e+00
3.237292661647880321e-01 5.000511502086300020e+00
3.239476431649979116e-01 5.000195344404120945e+00
3.241605601093831557e-01 4.999663263346450393e+00
3.243647233489840298e-01 4.998957924298792044e+00
3.245594035300189972e-01 4.998288321165314407e+00
3.247457076066174175e-01 4.997871428043043629e+00
3.249254983900650151e-01 4.997811055979049399e+00
3.251004221300758390e-01 4.998070332562861040e+00
3.252710900813590156e-01 4.998519712788462854e+00
3.254372633785052593e-01 4.999028929553012368e+00
3.255998823776522499e-01 4.999549124645894516e+00
3.257625750392966757e-01 5.000112790911518168e+00
3.259290245135201824e-01 5.000745617466171744e+00
3.261002806862998704e-01 5.001380330786201256e+00
3.262761383822908035e-01 5.001866530733233063e+00
3.264570800545535945e-01 5.002062265722414303e+00
3.266444972905244160e-01 5.001922479126247545e+00
3.268400019433786996e-01 5.001534155774416845e+00
3.270446005408085277e-01 5.001079828364004776e+00
3.272576859768522861e-01 5.000723284155725423e+00
3.274762088221424561e-01 5.000470873886173173e+00
3.276950317357320008e-01 5.000156003537805205e+00
3.279088524437698271e-01 4.999619586029874441e+00
3.281142921798980150e-01 4.998884232302001962e+00
3.283105303149047582e-01 4.998128189491763962e+00
3.284985923665345586e-01 4.997552684347581931e+00
3.286803222399958258e-01 4.997292732515588476e+00
3.288576456454516683e-01 4.997396687548913086e+00
3.290321943828221074e-01 4.997840380508056235e+00
3.292051782621233658e-01 4.998549678396671858e+00
3.293773959580358901e-01 4.999420675171015738e+00
3.295498309939238202e-01 5.000340860824145750e+00
3.297234435616313020e-01 5.001192485329318593e+00
3.298989547075715234e-01 5.001856989739667192e+00
3.300774364014996132e-01 5.002239877885470420e+00
3.302603294058293892e-01 5.002294227705585072e+00
3.304493440437560881e-01 5.002044401796909234e+00
3.306461444619552270e-01 5.001598304068211043e+00
3.308517007319572434e-01 5.001124096968409205e+00
3.310653280604869408e-01 5.000763422377584533e+00
3.312839059000712849e-01 5.000509831197233801e+00
3.315022798869307064e-01 5.000193987079204483e+00
3.317151945601440333e-01 4.999662623478804413e+00
3.319193535352672475e-01 4.998957966583324364e+00
3.321140256948588165e-01 4.998288749165511469e+00
3.323003187113259815e-01 4.997871948708095147e+00
3.324800979327607320e-01 4.997811530227722621e+00
3.326550124181958390e-01 4.998070791295774917e+00
3.328256751758131848e-01 4.998520259317722925e+00
3.329918474010600815e-01 4.999029603328533966e+00
3.331544681625191462e-01 4.999549846347306037e+00
3.333171640517296197e-01 5.000113419216193122e+00
3.334836181322677340e-01 5.000746052966509758e+00
3.336548815578593286e-01 5.001380602789863516e+00
3.338307500115130222e-01 5.001866774136591864e+00
3.340117046934121259e-01 5.002062578508470914e+00
3.341991340287920331e-01 5.001922788785041263e+00
3.343946465152343173e-01 5.001534201160388271e+00
3.345992470908827898e-01 5.001079292955177280e+00
3.348123298990238195e-01 5.000722064837659353e+00
3.350308487488121156e-01 5.000469300646519955e+00
3.352496686922857294e-01 5.000154687579367874e+00
3.354634867860756819e-01 4.999618963734823396e+00
3.356689217008950732e-01 4.998884326083494756e+00
3.358651511589164085e-01 4.998128741466200786e+00
3.360532011392073914e-01 4.997553380199940776e+00
3.362349175093847786e-01 4.997293334559349987e+00
3.364122283935462310e-01 4.997397077170453450e+00
3.365867677083288489e-01 4.997840548102616687e+00
3.367597467167284808e-01 4.998549688277654113e+00
3.369319647889765790e-01 4.999420626802755230e+00
3.371044053649116523e-01 5.000340859172542451e+00
3.372780280186523649e-01 5.001192623205471754e+00
3.374535527129310375e-01 5.001857326356707212e+00
3.376320497118835973e-01 5.002240406204863099e+00
3.378149575245933400e-01 5.002294841779063361e+00
3.380039839800657031e-01 5.002044883148997201e+00
3.382007911264311995e-01 5.001598353697911392e+00
3.384063483057910271e-01 5.001123451441600309e+00
3.386199722335068163e-01 5.000762066484166546e+00
3.388385456293381282e-01 5.000508160438170258e+00
3.390569165895159776e-01 5.000192629214814666e+00
3.392698289853451898e-01 4.999661982999906940e+00
3.394739836988950876e-01 4.998958008783323415e+00
3.396686478452983771e-01 4.998289177761447988e+00
3.398549298101053440e-01 4.997872470410040791e+00
3.400346974750081408e-01 4.997812005541065083e+00
3.402096027081072949e-01 4.998071250781184638e+00
3.403802602730627291e-01 4.998520806209105771e+00
3.405464314284248339e-01 4.999030277230620101e+00
3.407090539558146891e-01 4.999550568116488236e+00
3.408717530765733583e-01 5.000114047563004149e+00
3.410382117657220213e-01 5.000746488340209517e+00
3.412094824434148133e-01 5.001380874282302713e+00
3.413853616519144096e-01 5.001867016588236403e+00
3.415663293411097534e-01 5.002062890149110430e+00
3.417537707760195387e-01 5.001923097541054908e+00
3.419492910982242506e-01 5.001534246265222805e+00
3.421538936530448272e-01 5.001078757949692033e+00
3.423669738285904374e-01 5.000720846165924272e+00
3.425854886715358760e-01 5.000467727596110024e+00
3.428043056324079352e-01 5.000153371136089042e+00
3.430181211058271895e-01 4.999618340781761816e+00
3.432235512019781720e-01 4.998884419644990196e+00
3.434197719912461810e-01 4.998129293901868664e+00
3.436078099093814453e-01 4.997554077070889278e+00
3.437895127831691600e-01 4.997293937860911583e+00
3.439668111494466052e-01 4.997397467943851090e+00
3.441413410419740249e-01 4.997840716492000901e+00
3.443143151779491373e-01 4.998549698486404402e+00
3.444865336244466447e-01 4.999420578296748019e+00
3.446589797387174525e-01 5.000340856970238335e+00
3.448326124776727175e-01 5.001192760192166631e+00
3.450081507206754772e-01 5.001857661861444093e+00
3.451866630264509572e-01 5.002240933376954857e+00
3.453695856507110196e-01 5.002295454924921003e+00
3.455586239276666749e-01 5.002045364055690335e+00
3.457554378053237509e-01 5.001598403521672509e+00
3.459609958935924157e-01 5.001122806632048778e+00
3.461746164135898196e-01 5.000760711324810259e+00
3.463931853525998861e-01 5.000506489810796040e+00
3.466115532727632176e-01 5.000191270812019084e+00
3.468244633849857372e-01 4.999661341909352963e+00
3.470286138398568920e-01 4.998958050897330807e+00
3.472232699813257994e-01 4.998289606951458630e+00
3.474095409029504533e-01 4.997872993147804976e+00
3.475892970168119045e-01 4.997812481918855632e+00
3.477641929998221970e-01 4.998071711019575147e+00
3.479348453731212487e-01 4.998521353463217132e+00
3.481010154606102858e-01 4.999030951259745947e+00
3.482636397575469278e-01 4.999551289953751088e+00
3.484263421138348304e-01 5.000114675952429089e+00
3.485928054138917043e-01 5.000746923588123671e+00
3.487640833429752063e-01 5.001381145264638839e+00
3.489399733035006279e-01 5.001867258089092161e+00
3.491209539976438680e-01 5.002063200644519370e+00
3.493084075321944426e-01 5.001923405393600142e+00
3.495039356923294038e-01 5.001534291087782691e+00
3.497085402272774868e-01 5.001078223346745233e+00
3.499216177655460891e-01 5.000719628140848805e+00
3.501401285903198990e-01 5.000466154736367130e+00
3.503589425561063342e-01 5.000152054209219266e+00
3.505727554030232951e-01 4.999617717170638187e+00
3.507781806831365423e-01 4.998884512985259043e+00
3.509743928118805867e-01 4.998129846797128906e+00
3.511624186770490597e-01 4.997554774959088952e+00
3.513441080613504131e-01 4.997294542419694174e+00
3.515213939131625609e-01 4.997397859869401771e+00
3.516959143837732338e-01 4.997840885677084621e+00
3.518688836458025992e-01 4.998549709023991205e+00
3.520411024644609643e-01 4.999420529654003076e+00
3.522135541153516569e-01 5.000340854218071840e+00
3.523871969386975223e-01 5.001192896290048040e+00
3.525627487308042318e-01 5.001857996254267746e+00
3.527412763451945876e-01 5.002241459401748358e+00
3.529242137841684390e-01 5.002296067142600222e+00
3.531132638865405182e-01 5.002045844516099571e+00
3.533100844986142852e-01 5.001598453538609768e+00
3.535156434953499738e-01 5.001122162539451743e+00
3.537292606007369500e-01 5.000759356900395858e+00
3.539478250698676054e-01 5.000504819316793359e+00
3.541661899366820854e-01 5.000189911871848913e+00
3.543790977590643432e-01 4.999660700206721486e+00
3.545832439581427242e-01 4.998958092923900587e+00
3.547778921029299259e-01 4.998290036733910036e+00
3.549641519898559805e-01 4.997873516920249948e+00
3.551438965581767415e-01 4.997812959360852680e+00
3.553187832933525359e-01 4.998072172011379877e+00
3.554894304760020107e-01 4.998521901080681396e+00
3.556555994976273172e-01 4.999031625416328062e+00
3.558182255677233563e-01 4.999552011859417888e+00
3.559809311635208084e-01 5.000115304384920911e+00
3.561473990767845543e-01 5.000747358711100432e+00
3.563186842565497781e-01 5.001381415738014091e+00
3.564945849662775057e-01 5.001867498640021559e+00
3.566755786630116387e-01 5.002063509994800761e+00
3.568630442973035333e-01 5.001923712341978856e+00
3.570585802975305700e-01 5.001534335626948824e+00
3.572631868135638378e-01 5.001077689145509098e+00
3.574762617098850570e-01 5.000718410762809540e+00
3.576947685051699577e-01 5.000464582068784303e+00
3.579135794633880874e-01 5.000150736799982454e+00
3.581273896776620558e-01 4.999617092901356585e+00
3.583328101443591374e-01 4.998884606103050743e+00
3.585290136208066913e-01 4.998130400150305519e+00
3.587170274422020189e-01 4.997555473863211972e+00
3.588987033439295371e-01 4.997295148235203044e+00
3.590759766847047563e-01 4.997398252947407471e+00
3.592504877337427405e-01 4.997841055658736487e+00
3.594234521203055754e-01 4.998549719891467902e+00
3.595956713090343593e-01 4.999420480875480521e+00
3.597681284948248681e-01 5.000340850916871638e+00
3.599417814017326078e-01 5.001193031499794550e+00
3.601173467433171349e-01 5.001858329535542325e+00
3.602958896681071055e-01 5.002241984279170772e+00
3.604788419249520537e-01 5.002296678431632060e+00
3.606679038566689144e-01 5.002046324529317189e+00
3.608647312062846502e-01 5.001598503747782587e+00
3.610702911110523217e-01 5.001121519163532092e+00
3.612839047949496507e-01 5.000758003211798197e+00
3.615024647811522773e-01 5.000503148957836430e+00
3.617208265812825174e-01 5.000188552395401054e+00
3.619337321075800640e-01 4.999660057891621712e+00
3.621378740537419816e-01 4.998958134861567260e+00
3.623325142100988216e-01 4.998290467107144863e+00
3.625187630708168185e-01 4.997874041726245053e+00
3.626984960991072038e-01 4.997813437866814645e+00
3.628733735887099687e-01 4.998072633757049132e+00
3.630440155817190595e-01 4.998522449062125617e+00
3.632101835394870859e-01 4.999032299700814974e+00
3.633728113863519682e-01 4.999552733833794171e+00
3.635355202256383977e-01 5.000115932860955681e+00
3.637019927544093978e-01 5.000747793709997779e+00
3.638732851841479099e-01 5.001381685703550239e+00
3.640491966402509827e-01 5.001867738241946526e+00
3.642302033372107339e-01 5.002063818200134904e+00
3.644176810713344317e-01 5.001924018385514259e+00
3.646132249138084869e-01 5.001534379881552361e+00
3.648178334118868937e-01 5.001077155345151404e+00
3.650309056616012349e-01 5.000717194032145763e+00
3.652494084160924359e-01 5.000463009594809272e+00
3.654682163542605222e-01 5.000149418909582977e+00
3.656820239297419728e-01 4.999616467973831746e+00
3.658874395856357431e-01 4.998884698997149378e+00
3.660836344180112278e-01 4.998130953959787348e+00
3.662716362048323293e-01 4.997556173781925182e+00
3.664532986309078644e-01 4.997295755306858211e+00
3.666305594640836829e-01 4.997398647178183495e+00
3.668050610918988652e-01 4.997841226437871320e+00
3.669780206014759405e-01 4.998549731089915404e+00
3.671502401581817066e-01 4.999420431962195543e+00
3.673227028771478553e-01 5.000340847067469063e+00
3.674963658667834143e-01 5.001193165822024334e+00
3.676719447582136868e-01 5.001858661705649745e+00
3.678505029951812944e-01 5.002242508009159039e+00
3.680334700730482633e-01 5.002297288791448970e+00
3.682225438380335447e-01 5.002046804094451460e+00
3.684193779283165826e-01 5.001598554148332099e+00
3.686249387406884126e-01 5.001120876503994062e+00
3.688385489962288100e-01 5.000756650259947200e+00
3.690571044864650596e-01 5.000501478735622563e+00
3.692754632065737286e-01 5.000187192383685364e+00
3.694883664305317894e-01 4.999659414963635307e+00
3.696925041266442835e-01 4.998958176708901746e+00
3.698871363028211623e-01 4.998290898069544852e+00
3.700733741458279713e-01 4.997874567564689841e+00
3.702530956396077322e-01 4.997813917436486619e+00
3.704279638859064305e-01 4.998073096257011017e+00
3.705986006902854402e-01 4.998522997408139545e+00
3.707647675862003611e-01 4.999032974113650774e+00
3.709273972134409236e-01 4.999553455877210340e+00
3.710901093001944262e-01 5.000116561381014790e+00
3.712565864467745613e-01 5.000748228585658595e+00
3.714278861257789277e-01 5.001381955162390369e+00
3.716038083254269986e-01 5.001867976895773893e+00
3.717848280202383227e-01 5.002064125260647032e+00
3.719723178542742037e-01 5.001924323523485150e+00
3.721678695411437809e-01 5.001534423850445776e+00
3.723724800222292797e-01 5.001076621944863909e+00
3.725855496206889605e-01 5.000715977949226954e+00
3.728040483230931068e-01 5.000461437315938618e+00
3.730228532287310217e-01 5.000148100539303364e+00
3.732366581592616028e-01 4.999615842388000608e+00
3.734420690069549242e-01 4.998884791666292848e+00
3.736382552034809845e-01 4.998131508223881525e+00
3.738262449649316088e-01 4.997556874713876773e+00
3.740078939222867271e-01 4.997296363634109007e+00
3.741851422513095549e-01 4.997399042562042482e+00
3.743596344582572066e-01 4.997841398015376413e+00
3.745325890893304588e-01 4.998549742620408409e+00
3.747048090119179387e-01 4.999420382915123362e+00
