3.947990236467841148e-03 0.000000000000000000e+00
4.118978319423746703e-03 0.000000000000000000e+00
4.293826389652167022e-03 0.000000000000000000e+00
4.473558898325752202e-03 0.000000000000000000e+00
4.657897435393437702e-03 0.000000000000000000e+00
4.847378667601699893e-03 0.000000000000000000e+00
5.043573287801894275e-03 1.692182505230750236e-09
5.248280811573878546e-03 1.783330196014613427e-06
5.462573724086343049e-03 2.147387065665186956e-05
5.685697992161662696e-03 1.035757262271564110e-04
5.914260200982808698e-03 3.268481156576330733e-04
6.142747339483574549e-03 7.961854547944282809e-04
6.365645645429140326e-03 1.620102111013765455e-03
6.579559309657643726e-03 2.891818330975071995e-03
6.783729666814233665e-03 4.688819492868478121e-03
6.979226203024033182e-03 7.085066059829557214e-03
7.167896540170534160e-03 1.016312489546200917e-02
7.351645171412045550e-03 1.402045308006611736e-02
7.532077511230105861e-03 1.877013395668731058e-02
7.710385497416321829e-03 2.453815472089617561e-02
7.887365345400906141e-03 3.145924672478320194e-02
8.064032320932210118e-03 3.969997314862531296e-02
8.241394653274423249e-03 4.946004443677575607e-02
8.420229895693033192e-03 6.096418797481324009e-02
8.601695198119938338e-03 7.450715985569236754e-02
8.787338227962820936e-03 9.048457685742368473e-02
8.978978545176341877e-03 1.094191751669509050e-01
9.178356250606823849e-03 1.319592274514542196e-01
9.386434339293340742e-03 1.588045965681855187e-01
9.602399949364986975e-03 1.905090402881673695e-01
9.822920726505543834e-03 2.271834400471804405e-01
1.004268925710559597e-02 2.683104337284176744e-01
1.025647823168034795e-02 3.129266733420207336e-01
1.046114834277419095e-02 3.600789232888070290e-01
1.065610052650047858e-02 4.091687421484855314e-01
1.084246498031216088e-02 4.600077207901705489e-01
1.102204050926588845e-02 5.126847999964796454e-01
1.119638821229039689e-02 5.673430277812537836e-01
1.136607630712576505e-02 6.238958051024450224e-01
1.153089597708422710e-02 6.820080845422911153e-01
1.169186007946585414e-02 7.417861348530853105e-01
1.185263452754994375e-02 8.044631457180648759e-01
1.201686855329034929e-02 8.715238008909850231e-01
1.218554290606264565e-02 9.435437700026954033e-01
1.235841761290193234e-02 1.020598255089989914e+00
1.253602050668772318e-02 1.103085233032873314e+00
1.271985097384264150e-02 1.191891610440501736e+00
1.291162717845717282e-02 1.288090210361708898e+00
1.311239527222273285e-02 1.392474902937994585e+00
1.332150242031117891e-02 1.504919062236631744e+00
1.353583056945864213e-02 1.623778390751381195e+00
1.375026882077068878e-02 1.745971984715332104e+00
1.395968399138976940e-02 1.868063788519221946e+00
1.416090507559728331e-02 1.987559397876478284e+00
1.435322150864740999e-02 2.103403091062449715e+00
1.453763687053675341e-02 2.215658484364858793e+00
1.471589025860435204e-02 2.324948355525215060e+00
1.488978050425683076e-02 2.432022849466966452e+00
1.506083038727411456e-02 2.537521261347094104e+00
1.523017674063326804e-02 2.641877385309707726e+00
1.539858483970480210e-02 2.745311192971317649e+00
1.556703228043313306e-02 2.848176230502244888e+00
1.573649569288115141e-02 2.950815164597027529e+00
1.590773707747403232e-02 3.053419817027957173e+00
1.608188819171042089e-02 3.156370611110115298e+00
1.626046600087100585e-02 3.260216573424540965e+00
1.644526401989929512e-02 3.365574451796083721e+00
1.663801760058138818e-02 3.472900853934379306e+00
1.683972828085422008e-02 3.582104815659906016e+00
1.704968273576495941e-02 3.692078995181613532e+00
1.726470024672338913e-02 3.800491005562821378e+00
1.747962474604444413e-02 3.904313721980065210e+00
1.768931219625761997e-02 4.000999320112769375e+00
1.789061387055843055e-02 4.089364467685998150e+00
1.808285888291946350e-02 4.169560952938211607e+00
1.826708790027897766e-02 4.242491222367655190e+00
1.844502078650809423e-02 4.309237963958370443e+00
1.861816000627728937e-02 4.370681914514396915e+00
1.878703278930611564e-02 4.427277849909680540e+00
1.895139486280058433e-02 4.479211750012915161e+00
1.911222196327892406e-02 4.527044077711173564e+00
1.927315622780228707e-02 4.571987908317952432e+00
1.943785053962621134e-02 4.615004825886845907e+00
1.960730070097639957e-02 4.656183672035552057e+00
1.978127743083409398e-02 4.695292106287634049e+00
1.996031991054139643e-02 4.732284628206795851e+00
2.014594809260169053e-02 4.767274235891528988e+00
2.033990967215597995e-02 4.800326943761335841e+00
2.054327931721220898e-02 4.831319028687925510e+00
2.075541011720059142e-02 4.859874915948875440e+00
2.097314009391829798e-02 4.885440098562544797e+00
2.119125516212291838e-02 4.907526945118653394e+00
2.140448922018626382e-02 4.925987179745544786e+00
2.160955812311061638e-02 4.941074614004442367e+00
2.180568626832351392e-02 4.953284540693065452e+00
2.199385650589872482e-02 4.963155828563148297e+00
2.217581341134312531e-02 4.971157185868414707e+00
2.235337092405790746e-02 4.977655764945242645e+00
2.252806626052997890e-02 4.982927588675138075e+00
2.270104519114408970e-02 4.987180530197263373e+00
2.287307521629806245e-02 4.990576377294367205e+00
2.304514112628030034e-02 4.993254639845550180e+00
2.321822665674391079e-02 4.995331576294553599e+00
2.339309572030769460e-02 4.996903824383881698e+00
2.357088844098917044e-02 4.998058539865009919e+00
2.375313586768654922e-02 4.998872709888980026e+00
2.394164795820219113e-02 4.999413764678227068e+00
2.413817145833374242e-02 4.999741822390782353e+00
2.434370183076623242e-02 4.999913063489131559e+00
2.455748725706096564e-02 4.999982014515071072e+00
2.477626927858267436e-02 4.999998824067634295e+00
2.499479154896798450e-02 4.999999999999654499e+00
2.520782555763247806e-02 5.000000000000000000e+00
2.541218363470225741e-02 5.000000000000000000e+00
2.560720172462760055e-02 5.000000000000000000e+00
2.579395443359686416e-02 5.000000000000000000e+00
2.597420269439794718e-02 5.000000000000000000e+00
2.614948271301022545e-02 5.000000000000000000e+00
2.632033913377438208e-02 5.000000000000000000e+00
2.648653365619823424e-02 5.000000000000000000e+00
2.664905974408716960e-02 5.000000000000000000e+00
2.681160068707036034e-02 5.000000000000000000e+00
2.697784351871651207e-02 5.000000000000000000e+00
2.714878859052099330e-02 5.000000000000000000e+00
2.732419893949926057e-02 5.000000000000000000e+00
2.750461042215584379e-02 5.000000000000000000e+00
2.769154350652079655e-02 5.000000000000000000e+00
2.788674458970571632e-02 5.000000000000000000e+00
2.809128175700434035e-02 5.000000000000000000e+00
2.830449452250294665e-02 5.000000000000000000e+00
2.852320158978700199e-02 5.000000000000000000e+00
2.874217001487669107e-02 5.000000000000000000e+00
2.895612411089501168e-02 5.000000000000000000e+00
2.916178408582158557e-02 5.000000000000000000e+00
2.935838982382098922e-02 5.000000000000000000e+00
2.954694426650058409e-02 5.000000000000000000e+00
2.972921137709856609e-02 5.000000000000000000e+00
2.990702127055048717e-02 5.000000000000000000e+00
3.008192364694066770e-02 5.000000000000000000e+00
3.025507353988646925e-02 5.000000000000000000e+00
3.042724524551294538e-02 5.000000000000000000e+00
3.059942880806124782e-02 5.000000000000000000e+00
3.077261184708828673e-02 5.000000000000000000e+00
3.094756096986243932e-02 5.000000000000000000e+00
3.112541805206722051e-02 5.000000000000000000e+00
3.130771498905587924e-02 5.000000000000000000e+00
3.149626201266546299e-02 5.000000000000000000e+00
3.169280630879922622e-02 5.000000000000000000e+00
3.189834506627868549e-02 5.000000000000000000e+00
3.211213039939037756e-02 5.000000000000000000e+00
3.233090925357082202e-02 5.000000000000000000e+00
3.254942908449826033e-02 5.000000000000000000e+00
3.276246105052613156e-02 5.000000000000000000e+00
3.296681472788001027e-02 5.000000000000000000e+00
3.316182445365149778e-02 5.000000000000000000e+00
3.334856575796711631e-02 5.000000000000000000e+00
3.352880223572272944e-02 5.000000000000000000e+00
3.370407290856743815e-02 5.000000000000000000e+00
3.387492409246336406e-02 5.000000000000000000e+00
3.404111745944787132e-02 5.000000000000000000e+00
3.420364516458531540e-02 5.000000000000000000e+00
3.436618917937674794e-02 5.000000000000000000e+00
3.453243653211407471e-02 5.000000000000000000e+00
3.470338889256690401e-02 5.000000000000000000e+00
3.487881011774716933e-02 5.000000000000000000e+00
3.505923470823667926e-02 5.000000000000000000e+00
3.524617989305112858e-02 5.000000000000000000e+00
3.544138873205778667e-02 5.000000000000000000e+00
3.564592785181393275e-02 5.000000000000000000e+00
3.585913818932822544e-02 5.000000000000000000e+00
3.607784171945552232e-02 5.000000000000000000e+00
3.629680766512063950e-02 5.000000000000000000e+00
3.651075937325948262e-02 5.000000000000000000e+00
3.671641440261205758e-02 5.000000000000000000e+00
3.691301112216647390e-02 5.000000000000000000e+00
3.710155312165767938e-02 5.000000000000000000e+00
3.728380645412618377e-02 5.000000000000000000e+00
3.746160369270386259e-02 5.000000000000000000e+00
3.763649663498393888e-02 5.000000000000000000e+00
3.780964171753280895e-02 5.000000000000000000e+00
3.798181388087643745e-02 5.000000000000000000e+00
3.815400304949286003e-02 5.000000000000000000e+00
3.832719620570478047e-02 5.000000000000000000e+00
3.850215886159032846e-02 5.000000000000000000e+00
3.868003117982800332e-02 5.000000000000000000e+00
3.886234280506173366e-02 5.000000000000000000e+00
3.905090149973908242e-02 5.000000000000000000e+00
3.924745241394397843e-02 5.000000000000000000e+00
3.945299211532384692e-02 5.000000000000000000e+00
3.966677433729717123e-02 5.000000000000000000e+00
3.988554927373133552e-02 5.000000000000000000e+00
4.010406660029986609e-02 5.000000000000000000e+00
4.031709651790226639e-02 5.000000000000000000e+00
4.052144579880175707e-02 5.000000000000000000e+00
4.071644716870867486e-02 5.000000000000000000e+00
4.090317707657347562e-02 5.000000000000000000e+00
4.108340177637956336e-02 5.000000000000000000e+00
4.125866310541794618e-02 5.000000000000000000e+00
4.142950905339729678e-02 5.000000000000000000e+00
4.159570126707030913e-02 5.000000000000000000e+00
4.175823059320190461e-02 5.000000000000000000e+00
4.192077768382220654e-02 5.000000000000000000e+00
4.208702955989891692e-02 5.000000000000000000e+00
4.225798920826357580e-02 5.000000000000000000e+00
4.243342130697375092e-02 5.000000000000000000e+00
4.261385900330012799e-02 5.000000000000000000e+00
4.280081628908745384e-02 5.000000000000000000e+00
4.299603288633450926e-02 5.000000000000000000e+00
4.320057395939846945e-02 5.000000000000000000e+00
4.341378186377432141e-02 5.000000000000000000e+00
4.363248184492822535e-02 5.000000000000000000e+00
4.385144529863425206e-02 5.000000000000000000e+00
4.406539461312720951e-02 5.000000000000000000e+00
4.427104469990644081e-02 5.000000000000000000e+00
4.446763240932885553e-02 5.000000000000000000e+00
4.465616197459910258e-02 5.000000000000000000e+00
4.483840153545892715e-02 5.000000000000000000e+00
4.501618612221854748e-02 5.000000000000000000e+00
4.519106963051276044e-02 5.000000000000000000e+00
4.536420990111101476e-02 5.000000000000000000e+00
4.553638252018878119e-02 5.000000000000000000e+00
4.570857729333629993e-02 5.000000000000000000e+00
4.588178056612443600e-02 5.000000000000000000e+00
4.605675675574767008e-02 5.000000000000000000e+00
4.623464431208422487e-02 5.000000000000000000e+00
4.641697062899403925e-02 5.000000000000000000e+00
4.660554099885488855e-02 5.000000000000000000e+00
4.680209853424489169e-02 5.000000000000000000e+00
4.700763917878696130e-02 5.000000000000000000e+00
4.722141828221050608e-02 5.000000000000000000e+00
4.744018928743701929e-02 5.000000000000000000e+00
4.765870409638145455e-02 5.000000000000000000e+00
4.787173195975864132e-02 5.000000000000000000e+00
4.807607684745645454e-02 5.000000000000000000e+00
4.827106986978769304e-02 5.000000000000000000e+00
4.845778838941170591e-02 5.000000000000000000e+00
4.863800131637408680e-02 5.000000000000000000e+00
4.881325330357435405e-02 5.000000000000000000e+00
4.898409401658995743e-02 5.000000000000000000e+00
4.915028507907644173e-02 5.000000000000000000e+00
4.931281602994473656e-02 5.000000000000000000e+00
4.947536620041377564e-02 5.000000000000000000e+00
4.964162260207940353e-02 5.000000000000000000e+00
4.981258953762006392e-02 5.000000000000000000e+00
4.998803250718429625e-02 5.000000000000000000e+00
5.016848330734274136e-02 5.000000000000000000e+00
5.035545269461626228e-02 5.000000000000000000e+00
5.055067705251642396e-02 5.000000000000000000e+00
5.075522007974131444e-02 5.000000000000000000e+00
5.096842554583616569e-02 5.000000000000000000e+00
5.118712196621152261e-02 5.000000000000000000e+00
5.140608291542438785e-02 5.000000000000000000e+00
5.162002983049557986e-02 5.000000000000000000e+00
5.182567497769318549e-02 5.000000000000000000e+00
5.202225368529490857e-02 5.000000000000000000e+00
5.221077082531749847e-02 5.000000000000000000e+00
5.239299662109909300e-02 5.000000000000000000e+00
5.257076855910585572e-02 5.000000000000000000e+00
5.274564263354366428e-02 5.000000000000000000e+00
5.291877809063830207e-02 5.000000000000000000e+00
5.309095116346468357e-02 5.000000000000000000e+00
5.326315153960194809e-02 5.000000000000000000e+00
5.343636492835240892e-02 5.000000000000000000e+00
5.361135465233372865e-02 5.000000000000000000e+00
5.378925744882839116e-02 5.000000000000000000e+00
5.397159846083881413e-02 5.000000000000000000e+00
5.416018050999441003e-02 5.000000000000000000e+00
5.435674466968388324e-02 5.000000000000000000e+00
5.456228625665732884e-02 5.000000000000000000e+00
5.477606223413226949e-02 5.000000000000000000e+00
5.499482929469907966e-02 5.000000000000000000e+00
5.521334157275180343e-02 5.000000000000000000e+00
5.542636737609304975e-02 5.000000000000000000e+00
5.563070787383311150e-02 5.000000000000000000e+00
5.582569255687714477e-02 5.000000000000000000e+00
5.601239969647753281e-02 5.000000000000000000e+00
5.619260085571198271e-02 5.000000000000000000e+00
5.636784350304929747e-02 5.000000000000000000e+00
5.653867898205516135e-02 5.000000000000000000e+00
5.670486889547715625e-02 5.000000000000000000e+00
5.686740147482161750e-02 5.000000000000000000e+00
5.702995472915844272e-02 5.000000000000000000e+00
5.719621565866394447e-02 5.000000000000000000e+00
5.736718988064538893e-02 5.000000000000000000e+00
5.754264371838410663e-02 5.000000000000000000e+00
5.772310762036109155e-02 5.000000000000000000e+00
5.791008910962405776e-02 5.000000000000000000e+00
5.810532123058406023e-02 5.000000000000000000e+00
5.830986621282579357e-02 5.000000000000000000e+00
5.852306923550870676e-02 5.000000000000000000e+00
5.874176208331182564e-02 5.000000000000000000e+00
5.896072051549791637e-02 5.000000000000000000e+00
5.917466502536204709e-02 5.000000000000000000e+00
5.938030523596075222e-02 5.000000000000000000e+00
5.957687495005140749e-02 5.000000000000000000e+00
5.976537967380550487e-02 5.000000000000000000e+00
5.994759171104899198e-02 5.000000000000000000e+00
6.012535100337704913e-02 5.000000000000000000e+00
6.030021564409314416e-02 5.000000000000000000e+00
6.047334628613194180e-02 5.000000000000000000e+00
6.064551981071875791e-02 5.000000000000000000e+00
6.081772578830020592e-02 5.000000000000000000e+00
6.099094929239397972e-02 5.000000000000000000e+00
6.116595255134774090e-02 5.000000000000000000e+00
6.134387059005300818e-02 5.000000000000000000e+00
6.152622630058204867e-02 5.000000000000000000e+00
6.171482003313924491e-02 5.000000000000000000e+00
6.191139082024291196e-02 5.000000000000000000e+00
6.211693334892421509e-02 5.000000000000000000e+00
6.233070619306433496e-02 5.000000000000000000e+00
6.254946929552865353e-02 5.000000000000000000e+00
6.276797902941967655e-02 5.000000000000000000e+00
6.298100276690332677e-02 5.000000000000000000e+00
6.318533887792071591e-02 5.000000000000000000e+00
6.338031522996556699e-02 5.000000000000000000e+00
6.356701099776668196e-02 5.000000000000000000e+00
6.374720039439879526e-02 5.000000000000000000e+00
6.392243370385530810e-02 5.000000000000000000e+00
6.409326394980668917e-02 5.000000000000000000e+00
6.425945271628337452e-02 5.000000000000000000e+00
6.442198692784036063e-02 5.000000000000000000e+00
6.458454327006320217e-02 5.000000000000000000e+00
6.475080872966086643e-02 5.000000000000000000e+00
6.492179023734856447e-02 5.000000000000000000e+00
6.509725494057851114e-02 5.000000000000000000e+00
6.527773194235185483e-02 5.000000000000000000e+00
6.546472553409742046e-02 5.000000000000000000e+00
6.565996542051794060e-02 5.000000000000000000e+00
6.586451235863520492e-02 5.000000000000000000e+00
6.607771293278683067e-02 5.000000000000000000e+00
6.629640219623553210e-02 5.000000000000000000e+00
6.651535809886173489e-02 5.000000000000000000e+00
6.672930019772406462e-02 5.000000000000000000e+00
6.693493547469760163e-02 5.000000000000000000e+00
6.713149620358514758e-02 5.000000000000000000e+00
6.731998852005571798e-02 5.000000000000000000e+00
6.750218680531090698e-02 5.000000000000000000e+00
6.767993345504341729e-02 5.000000000000000000e+00
6.785478866217767302e-02 5.000000000000000000e+00
6.802791448760914239e-02 5.000000000000000000e+00
6.820008846196570773e-02 5.000000000000000000e+00
6.837230003944143319e-02 5.000000000000000000e+00
6.854553365825435951e-02 5.000000000000000000e+00
6.872055045278895047e-02 5.000000000000000000e+00
6.889848373575063745e-02 5.000000000000000000e+00
6.908085414820970549e-02 5.000000000000000000e+00
6.926945956827097739e-02 5.000000000000000000e+00
6.946603698590390896e-02 5.000000000000000000e+00
6.967158045557686474e-02 5.000000000000000000e+00
6.988535015900854130e-02 5.000000000000000000e+00
7.010410928993691948e-02 5.000000000000000000e+00
7.032261646639387243e-02 5.000000000000000000e+00
7.053563813218734213e-02 5.000000000000000000e+00
7.073996985970834595e-02 5.000000000000000000e+00
7.093493788904156605e-02 5.000000000000000000e+00
7.112162229327480267e-02 5.000000000000000000e+00
7.130179993244020742e-02 5.000000000000000000e+00
7.147702390600496614e-02 5.000000000000000000e+00
7.164784891985832849e-02 5.000000000000000000e+00
7.181403654150599059e-02 5.000000000000000000e+00
7.197657238900871668e-02 5.000000000000000000e+00
7.213913182313506922e-02 5.000000000000000000e+00
7.230540181507857933e-02 5.000000000000000000e+00
7.247639060773869435e-02 5.000000000000000000e+00
7.265186617377286660e-02 5.000000000000000000e+00
7.283235627331161033e-02 5.000000000000000000e+00
7.301936196802288892e-02 5.000000000000000000e+00
7.321460962229862923e-02 5.000000000000000000e+00
7.341915851715286045e-02 5.000000000000000000e+00
7.363235663766543038e-02 5.000000000000000000e+00
7.385104230498908129e-02 5.000000000000000000e+00
7.406999566552269210e-02 5.000000000000000000e+00
7.428393534757918304e-02 5.000000000000000000e+00
7.448956569389222904e-02 5.000000000000000000e+00
7.468611744588286860e-02 5.000000000000000000e+00
7.487459736406068544e-02 5.000000000000000000e+00
7.505678190388705151e-02 5.000000000000000000e+00
7.523451591411615957e-02 5.000000000000000000e+00
7.540936168781373072e-02 5.000000000000000000e+00
7.558248269508714701e-02 5.000000000000000000e+00
7.575465711722019491e-02 5.000000000000000000e+00
7.592687429303608682e-02 5.000000000000000000e+00
7.610011802593881491e-02 5.000000000000000000e+00
7.627514835665655246e-02 5.000000000000000000e+00
7.645309688591386821e-02 5.000000000000000000e+00
7.663548200370784436e-02 5.000000000000000000e+00
7.682409911537114999e-02 5.000000000000000000e+00
7.702068316664871517e-02 5.000000000000000000e+00
7.722622757660455028e-02 5.000000000000000000e+00
7.743999413196664405e-02 5.000000000000000000e+00
7.765874927793511850e-02 5.000000000000000000e+00
7.787725388368320345e-02 5.000000000000000000e+00
7.809027347194290314e-02 5.000000000000000000e+00
7.829460081918494796e-02 5.000000000000000000e+00
7.848956053409364420e-02 5.000000000000000000e+00
7.867623358299760672e-02 5.000000000000000000e+00
7.885639946984168702e-02 5.000000000000000000e+00
7.903161410951090038e-02 5.000000000000000000e+00
7.920243389222381136e-02 5.000000000000000000e+00
7.936862037115588464e-02 5.000000000000000000e+00
7.953115785833457518e-02 5.000000000000000000e+00
7.969372038838105909e-02 5.000000000000000000e+00
7.985999491492543068e-02 5.000000000000000000e+00
8.003099099182478526e-02 5.000000000000000000e+00
8.020647741797250208e-02 5.000000000000000000e+00
8.038698061323698574e-02 5.000000000000000000e+00
8.057399841138691843e-02 5.000000000000000000e+00
8.076925383590666252e-02 5.000000000000000000e+00
8.097380468836200273e-02 5.000000000000000000e+00
8.118700035013939886e-02 5.000000000000000000e+00
8.140568240957879453e-02 5.000000000000000000e+00
8.162463321548778239e-02 5.000000000000000000e+00
8.183857047492491821e-02 5.000000000000000000e+00
8.204419589353310893e-02 5.000000000000000000e+00
8.224073867693142137e-02 5.000000000000000000e+00
8.242920620581299651e-02 5.000000000000000000e+00
8.261137700677968765e-02 5.000000000000000000e+00
8.278909838060656556e-02 5.000000000000000000e+00
8.296393472101773470e-02 5.000000000000000000e+00
8.313705090858322655e-02 5.000000000000000000e+00
8.330922577649702010e-02 5.000000000000000000e+00
8.348144854909457513e-02 5.000000000000000000e+00
8.365470239545254316e-02 5.000000000000000000e+00
8.382974626294988074e-02 5.000000000000000000e+00
8.400771004053519952e-02 5.000000000000000000e+00
8.419010986706242095e-02 5.000000000000000000e+00
8.437873867442131914e-02 5.000000000000000000e+00
8.457532936245935884e-02 5.000000000000000000e+00
8.478087471199648173e-02 5.000000000000000000e+00
8.499463811194055141e-02 5.000000000000000000e+00
8.521338925953431120e-02 5.000000000000000000e+00
8.543189128129649590e-02 5.000000000000000000e+00
8.564490878616791425e-02 5.000000000000000000e+00
8.584923175633964176e-02 5.000000000000000000e+00
8.604418316511040776e-02 5.000000000000000000e+00
8.623084486693070871e-02 5.000000000000000000e+00
8.641099900660872968e-02 5.000000000000000000e+00
8.658620431438562859e-02 5.000000000000000000e+00
8.675701886691693232e-02 5.000000000000000000e+00
8.692320420524397850e-02 5.000000000000000000e+00
8.708574333582573546e-02 5.000000000000000000e+00
8.724830896580822170e-02 5.000000000000000000e+00
8.741458802920973326e-02 5.000000000000000000e+00
8.758559138961583002e-02 5.000000000000000000e+00
8.776108867318277440e-02 5.000000000000000000e+00
8.794160496212469202e-02 5.000000000000000000e+00
8.812863486417618630e-02 5.000000000000000000e+00
8.832389806132265320e-02 5.000000000000000000e+00
8.852845087224604781e-02 5.000000000000000000e+00
8.874164407020355971e-02 5.000000000000000000e+00
8.896032251001102786e-02 5.000000000000000000e+00
8.917927074876397242e-02 5.000000000000000000e+00
8.939320557975885539e-02 5.000000000000000000e+00
8.959882607360876439e-02 5.000000000000000000e+00
8.979535989671749707e-02 5.000000000000000000e+00
8.998381504530528208e-02 5.000000000000000000e+00
9.016597211399099421e-02 5.000000000000000000e+00
9.034368085452575137e-02 5.000000000000000000e+00
9.051850776180615787e-02 5.000000000000000000e+00
9.069161912811452009e-02 5.000000000000000000e+00
9.086379443981078274e-02 5.000000000000000000e+00
9.103602280762736199e-02 5.000000000000000000e+00
9.120928676680084557e-02 5.000000000000000000e+00
9.138434417166815815e-02 5.000000000000000000e+00
9.156232319960722066e-02 5.000000000000000000e+00
9.174473773825952971e-02 5.000000000000000000e+00
9.193337824540301351e-02 5.000000000000000000e+00
9.212997557331763232e-02 5.000000000000000000e+00
9.233552186174183440e-02 5.000000000000000000e+00
9.254928209893203972e-02 5.000000000000000000e+00
9.276802923474579410e-02 5.000000000000000000e+00
9.298652865924258992e-02 5.000000000000000000e+00
9.319954407486027992e-02 5.000000000000000000e+00
9.340386267116153329e-02 5.000000000000000000e+00
9.359880578208042146e-02 5.000000000000000000e+00
9.378545614506980654e-02 5.000000000000000000e+00
9.396559854274690038e-02 5.000000000000000000e+00
9.414079452064161302e-02 5.000000000000000000e+00
9.431160384395151364e-02 5.000000000000000000e+00
9.447778804378111073e-02 5.000000000000000000e+00
9.464032882148994130e-02 5.000000000000000000e+00
9.480289755542346819e-02 5.000000000000000000e+00
9.496918115793992476e-02 5.000000000000000000e+00
9.514019180112098795e-02 5.000000000000000000e+00
9.531569993940909591e-02 5.000000000000000000e+00
9.549622931997141240e-02 5.000000000000000000e+00
9.568327132637723109e-02 5.000000000000000000e+00
9.587854229852704746e-02 5.000000000000000000e+00
9.608309706878817580e-02 5.000000000000000000e+00
9.629628779785277815e-02 5.000000000000000000e+00
9.651496260629220669e-02 5.000000000000000000e+00
9.673390826535811782e-02 5.000000000000000000e+00
9.694784066207860762e-02 5.000000000000000000e+00
9.715345623410773235e-02 5.000000000000000000e+00
9.734998110522798120e-02 5.000000000000000000e+00
9.753842388253006201e-02 5.000000000000000000e+00
9.772056722552313612e-02 5.000000000000000000e+00
9.789826333588490248e-02 5.000000000000000000e+00
9.807308081019537604e-02 5.000000000000000000e+00
9.824618735369830547e-02 5.000000000000000000e+00
9.841836310717619329e-02 5.000000000000000000e+00
9.859059706864481409e-02 5.000000000000000000e+00
9.876387113998889855e-02 5.000000000000000000e+00
9.893894208281070468e-02 5.000000000000000000e+00
9.911693636312250699e-02 5.000000000000000000e+00
9.929936561728519573e-02 5.000000000000000000e+00
9.948801782829794216e-02 5.000000000000000000e+00
9.968462179920548061e-02 5.000000000000000000e+00
9.989016902582985302e-02 5.000000000000000000e+00
1.001039260929428021e-01 5.000000000000000000e+00
1.003226692035806833e-01 5.000000000000000000e+00
1.005411660175304089e-01 5.000000000000000000e+00
1.007541793380179740e-01 5.000000000000000000e+00
1.009584935636396175e-01 5.000000000000000000e+00
1.011534283849921667e-01 5.000000000000000000e+00
1.013400674174104593e-01 5.000000000000000000e+00
1.015201980782617086e-01 5.000000000000000000e+00
1.016953847282913992e-01 5.000000000000000000e+00
1.018661888233412249e-01 5.000000000000000000e+00
1.020323718867782448e-01 5.000000000000000000e+00
1.021949143153350337e-01 5.000000000000000000e+00
1.023574861572338346e-01 5.000000000000000000e+00
1.025237743011242625e-01 5.000000000000000000e+00
1.026947922263492935e-01 5.000000000000000000e+00
1.028703112166568234e-01 5.000000000000000000e+00
1.030508536867737746e-01 5.000000000000000000e+00
1.032379077979767440e-01 5.000000000000000000e+00
1.034331865475004858e-01 5.000000000000000000e+00
1.036377432779716640e-01 5.000000000000000000e+00
1.038509315330818084e-01 5.000000000000000000e+00
1.040696026984286593e-01 5.000000000000000000e+00
1.042885457652771714e-01 5.000000000000000000e+00
1.045024757218816630e-01 5.000000000000000000e+00
1.047080863750185914e-01 5.000000000000000000e+00
1.049046023024495372e-01 5.000000000000000000e+00
1.050930327174798146e-01 5.000000000000000000e+00
1.052751623413782645e-01 5.000000000000000000e+00
1.054528458246951489e-01 5.000000000000000000e+00
1.056276538662018899e-01 5.000000000000000000e+00
1.058007555853518050e-01 5.000000000000000000e+00
1.059729317786080316e-01 5.000000000000000000e+00
1.061451713321573675e-01 5.000000000000000000e+00
1.063184555150220173e-01 5.000000000000000000e+00
1.064935399963767571e-01 5.000000000000000000e+00
1.066715495310737172e-01 5.000000000000000000e+00
1.068539935041254302e-01 5.000000000000000000e+00
1.070426574230876199e-01 5.000000000000000000e+00
1.072392680401047516e-01 5.000000000000000000e+00
1.074448162042497545e-01 5.000000000000000000e+00
1.076585700939747675e-01 5.000000000000000000e+00
1.078773091660501227e-01 5.000000000000000000e+00
1.080958033561687792e-01 5.000000000000000000e+00
1.083088145756389842e-01 5.000000000000000000e+00
1.085131244337631251e-01 5.000000000000000000e+00
1.087080509738342360e-01 5.000000000000000000e+00
1.088946786839482955e-01 5.000000000000000000e+00
1.090747976131585251e-01 5.000000000000000000e+00
1.092499749373474494e-01 5.000000000000000000e+00
1.094207738050998746e-01 5.000000000000000000e+00
1.095869557342462886e-01 5.000000000000000000e+00
1.097494998173687980e-01 5.000000000000000000e+00
1.099120747712463847e-01 5.000000000000000000e+00
1.100783674587711147e-01 5.000000000000000000e+00
1.102493926653098366e-01 5.000000000000000000e+00
1.104249225049313970e-01 5.000000000000000000e+00
1.106054780625286282e-01 5.000000000000000000e+00
1.107925442789612497e-01 5.000000000000000000e+00
1.109878308082234977e-01 5.000000000000000000e+00
1.111923894997797757e-01 5.000000000000000000e+00
1.114055752758854739e-01 5.000000000000000000e+00
1.116242427864267556e-01 5.000000000000000000e+00
1.118431832485281552e-01 5.000000000000000000e+00
1.120571107591657456e-01 5.000000000000000000e+00
1.122627164963299062e-01 5.000000000000000000e+00
1.124592234883690645e-01 5.000000000000000000e+00
1.126476415501471151e-01 5.000000000000000000e+00
1.128297574615585303e-01 5.000000000000000000e+00
1.130074283209676761e-01 5.000000000000000000e+00
1.131822269298420613e-01 5.000000000000000000e+00
1.133553238230922133e-01 5.000000000000000000e+00
1.135275004541209387e-01 5.000000000000000000e+00
1.136997455981754723e-01 5.000000000000000000e+00
1.138730398919054893e-01 5.000000000000000000e+00
1.140481379123656352e-01 5.000000000000000000e+00
1.142261627034533295e-01 5.000000000000000000e+00
1.144086213987662443e-01 5.000000000000000000e+00
1.145972970297535615e-01 5.000000000000000000e+00
1.147939142959973763e-01 5.000000000000000000e+00
1.149994633969905755e-01 5.000000000000000000e+00
1.152132141020295319e-01 5.000000000000000000e+00
1.154319491221653116e-01 5.000000000000000000e+00
1.156504406751666936e-01 5.000000000000000000e+00
1.158634497877214092e-01 5.000000000000000000e+00
1.160677552815210373e-01 5.000000000000000000e+00
1.162626735485950968e-01 5.000000000000000000e+00
1.164492899446788882e-01 5.000000000000000000e+00
1.166293971474428454e-01 5.000000000000000000e+00
1.168045651478222119e-01 5.000000000000000000e+00
1.169753587892411600e-01 5.000000000000000000e+00
1.171415395861961084e-01 5.000000000000000000e+00
1.173040853275990891e-01 5.000000000000000000e+00
1.174666633974679741e-01 5.000000000000000000e+00
1.176329606308888637e-01 5.000000000000000000e+00
1.178039931180116240e-01 5.000000000000000000e+00
1.179795338042382014e-01 5.000000000000000000e+00
1.181601024472326150e-01 5.000000000000000000e+00
1.183471807693175087e-01 5.000000000000000000e+00
1.185424750806766819e-01 5.000000000000000000e+00
1.187470357341957328e-01 5.000000000000000000e+00
1.189602190262585846e-01 5.000000000000000000e+00
1.191788828702928377e-01 5.000000000000000000e+00
1.193978207151180498e-01 5.000000000000000000e+00
1.196117457739284545e-01 5.000000000000000000e+00
1.198173465980302971e-01 5.000000000000000000e+00
1.200138446629732819e-01 5.000000000000000000e+00
1.202022503805244141e-01 5.000000000000000000e+00
1.203843525860659458e-01 5.000000000000000000e+00
1.205620108247135447e-01 5.000000000000000000e+00
1.207368000011323078e-01 5.000000000000000000e+00
1.209098920669367666e-01 5.000000000000000000e+00
1.210820691337296529e-01 5.000000000000000000e+00
1.212543198667096339e-01 5.000000000000000000e+00
1.214276242706445463e-01 5.000000000000000000e+00
1.216027358307766593e-01 5.000000000000000000e+00
1.217807758802539886e-01 5.000000000000000000e+00
1.219632493011937463e-01 5.000000000000000000e+00
1.221519366482774760e-01 5.000000000000000000e+00
1.223485605668652720e-01 5.000000000000000000e+00
1.225541106040414774e-01 5.000000000000000000e+00
1.227678581171088301e-01 5.000000000000000000e+00
1.229865890719374494e-01 5.000000000000000000e+00
1.232050779745329921e-01 5.000000000000000000e+00
1.234180849742631675e-01 5.000000000000000000e+00
1.236223861069025015e-01 5.000000000000000000e+00
1.238172961092633834e-01 5.000000000000000000e+00
1.240039011995977269e-01 5.000000000000000000e+00
1.241839966811201096e-01 5.000000000000000000e+00
1.243591553597281352e-01 5.000000000000000000e+00
1.245299437757788202e-01 5.000000000000000000e+00
1.246961234426386539e-01 5.000000000000000000e+00
1.248586708460336786e-01 5.000000000000000000e+00
1.250212520359056945e-01 5.000000000000000000e+00
1.251875538174858915e-01 5.000000000000000000e+00
1.253585935844637456e-01 5.000000000000000000e+00
1.255341451145827181e-01 5.000000000000000000e+00
1.257147268408825291e-01 5.000000000000000000e+00
1.259018172690320736e-01 5.000000000000000000e+00
1.260971193648405819e-01 5.000000000000000000e+00
1.263016819812027569e-01 5.000000000000000000e+00
1.265148627841958251e-01 5.000000000000000000e+00
1.267335229500331506e-01 5.000000000000000000e+00
1.269524581650538497e-01 5.000000000000000000e+00
1.271663807661676249e-01 5.000000000000000000e+00
1.273719766801083286e-01 5.000000000000000000e+00
1.275684658262489779e-01 5.000000000000000000e+00
1.277568592086041899e-01 5.000000000000000000e+00
1.279389477149025789e-01 5.000000000000000000e+00
1.281165933359438291e-01 5.000000000000000000e+00
1.282913730800890051e-01 5.000000000000000000e+00
1.284644603169027011e-01 5.000000000000000000e+00
1.286366378174488567e-01 5.000000000000000000e+00
1.288088941377701913e-01 5.000000000000000000e+00
1.289822086512445454e-01 5.000000000000000000e+00
1.291573337516091491e-01 5.000000000000000000e+00
1.293353890614682977e-01 5.000000000000000000e+00
1.295178772113939336e-01 5.000000000000000000e+00
1.297065762786409338e-01 5.000000000000000000e+00
1.299032068526901618e-01 5.000000000000000000e+00
1.301087578253915800e-01 5.000000000000000000e+00
1.303225021392143967e-01 5.000000000000000000e+00
1.305412290153777077e-01 5.000000000000000000e+00
1.307597152542767371e-01 5.000000000000000000e+00
1.309727201352624271e-01 5.000000000000000000e+00
1.311770169098967209e-01 5.000000000000000000e+00
1.313719186558275354e-01 5.000000000000000000e+00
1.315585124487003155e-01 5.000000000000000000e+00
1.317385962141956468e-01 5.000000000000000000e+00
1.319137455730776398e-01 5.000000000000000000e+00
1.320845287647265387e-01 5.000000000000000000e+00
1.322507073035847358e-01 5.000000000000000000e+00
1.324132563726804213e-01 5.000000000000000000e+00
1.325758406865665262e-01 5.000000000000000000e+00
1.327421470185704555e-01 5.000000000000000000e+00
1.329131940646752774e-01 5.000000000000000000e+00
1.330887564359703457e-01 5.000000000000000000e+00
1.332693512434751371e-01 5.000000000000000000e+00
1.334564537780916771e-01 5.000000000000000000e+00
1.336517636606956994e-01 5.000000000000000000e+00
1.338563282407841115e-01 5.000000000000000000e+00
1.340695065496919081e-01 5.000000000000000000e+00
1.342881630256539949e-01 5.000000000000000000e+00
1.345070955983425354e-01 5.000000000000000000e+00
1.347210157358808835e-01 5.000000000000000000e+00
1.349266067425526905e-01 5.000000000000000000e+00
1.351230869781828992e-01 5.000000000000000000e+00
1.353114680343789622e-01 5.000000000000000000e+00
1.354935428480704973e-01 5.000000000000000000e+00
1.356711758546695901e-01 5.000000000000000000e+00
1.358459461667284041e-01 5.000000000000000000e+00
1.360190285730072390e-01 5.000000000000000000e+00
1.361912065052933718e-01 5.000000000000000000e+00
1.363634684113676776e-01 5.000000000000000000e+00
1.365367930337107738e-01 5.000000000000000000e+00
1.367119316748623692e-01 5.000000000000000000e+00
1.368900022470888045e-01 5.000000000000000000e+00
1.370725051293529284e-01 5.000000000000000000e+00
1.372612159208252969e-01 5.000000000000000000e+00
1.374578531534540460e-01 5.000000000000000000e+00
1.376634050610300863e-01 5.000000000000000000e+00
1.378771461683479249e-01 5.000000000000000000e+00
1.380958689524972860e-01 5.000000000000000000e+00
1.383143525144069630e-01 5.000000000000000000e+00
1.385273552707171896e-01 5.000000000000000000e+00
1.387316476904928986e-01 5.000000000000000000e+00
1.389265411882760759e-01 5.000000000000000000e+00
1.391131236919822822e-01 5.000000000000000000e+00
1.392931957466747583e-01 5.000000000000000000e+00
1.394683357878832575e-01 5.000000000000000000e+00
1.396391137560981377e-01 5.000000000000000000e+00
1.398052911690453592e-01 5.000000000000000000e+00
1.399678419075471025e-01 5.000000000000000000e+00
1.401304293494574638e-01 5.000000000000000000e+00
1.402967402341510073e-01 5.000000000000000000e+00
1.404677945586553234e-01 5.000000000000000000e+00
1.406433677684065520e-01 5.000000000000000000e+00
1.408239756550072608e-01 5.000000000000000000e+00
1.410110902964830937e-01 5.000000000000000000e+00
1.412064079682228412e-01 5.000000000000000000e+00
1.414109745129229767e-01 5.000000000000000000e+00
1.416241503227414766e-01 5.000000000000000000e+00
1.418428030971618237e-01 5.000000000000000000e+00
1.420617330149912538e-01 5.000000000000000000e+00
1.422756506830658851e-01 5.000000000000000000e+00
1.424812367853520167e-01 5.000000000000000000e+00
1.426777081187619312e-01 5.000000000000000000e+00
1.428660768578410289e-01 5.000000000000000000e+00
1.430481379855716995e-01 5.000000000000000000e+00
1.432257583809018742e-01 5.000000000000000000e+00
1.434005192610670054e-01 5.000000000000000000e+00
1.435735968352675751e-01 5.000000000000000000e+00
1.437457751972778253e-01 5.000000000000000000e+00
1.439180426875125152e-01 5.000000000000000000e+00
1.440913774180485607e-01 5.000000000000000000e+00
1.442665296005357090e-01 5.000000000000000000e+00
1.444446154371082647e-01 5.000000000000000000e+00
1.446271330550568390e-01 5.000000000000000000e+00
1.448158555748124410e-01 5.000000000000000000e+00
1.450124994691388280e-01 5.000000000000000000e+00
1.452180523109460608e-01 5.000000000000000000e+00
1.454317902045110522e-01 5.000000000000000000e+00
1.456505088833071893e-01 5.000000000000000000e+00
1.458689897549325931e-01 5.000000000000000000e+00
1.460819903806256648e-01 5.000000000000000000e+00
1.462862784486802237e-01 5.000000000000000000e+00
1.464811637065976946e-01 5.000000000000000000e+00
1.466677349294390476e-01 5.000000000000000000e+00
1.468477952785628704e-01 5.000000000000000000e+00
1.470229260041572283e-01 5.000000000000000000e+00
1.471936987499073701e-01 5.000000000000000000e+00
1.473598750390313350e-01 5.000000000000000000e+00
1.475224274506415634e-01 5.000000000000000000e+00
1.476850180245855015e-01 5.000000000000000000e+00
1.478513334642359289e-01 5.000000000000000000e+00
1.480223950664128763e-01 5.000000000000000000e+00
1.481979791118967493e-01 5.000000000000000000e+00
1.483786000754757362e-01 5.000000000000000000e+00
1.485657268241928064e-01 5.000000000000000000e+00
1.487610522874024399e-01 5.000000000000000000e+00
1.489656207976024771e-01 5.000000000000000000e+00
1.491787941033395071e-01 5.000000000000000000e+00
1.493974431645629097e-01 5.000000000000000000e+00
1.496163704150068885e-01 5.000000000000000000e+00
1.498302856077205480e-01 5.000000000000000000e+00
1.500358668084949276e-01 5.000000000000000000e+00
1.502323292479728345e-01 5.000000000000000000e+00
1.504206856789829239e-01 5.000000000000000000e+00
1.506027331274082948e-01 5.000000000000000000e+00
1.507803409146517837e-01 5.000000000000000000e+00
1.509550923631212127e-01 5.000000000000000000e+00
1.511281651037008622e-01 5.000000000000000000e+00
1.513003438934168998e-01 5.000000000000000000e+00
1.514726169662152511e-01 5.000000000000000000e+00
1.516459618042630964e-01 5.000000000000000000e+00
1.518211275286284190e-01 5.000000000000000000e+00
1.519992286315192676e-01 5.000000000000000000e+00
1.521817609884917044e-01 5.000000000000000000e+00
1.523704952405838808e-01 5.000000000000000000e+00
1.525671457997263558e-01 5.000000000000000000e+00
1.527726995751285677e-01 5.000000000000000000e+00
1.529864342477054995e-01 5.000000000000000000e+00
1.532051488078187973e-01 5.000000000000000000e+00
1.534236269758626203e-01 5.000000000000000000e+00
1.536366254649859375e-01 5.000000000000000000e+00
1.538409091844477605e-01 5.000000000000000000e+00
1.540357862107808451e-01 5.000000000000000000e+00
1.542223461610660873e-01 5.000000000000000000e+00
1.544023948098652288e-01 5.000000000000000000e+00
1.545775162219119592e-01 5.000000000000000000e+00
1.547482837461678085e-01 5.000000000000000000e+00
1.549144589135536820e-01 5.000000000000000000e+00
1.550770130019715753e-01 5.000000000000000000e+00
1.552396067119576617e-01 5.000000000000000000e+00
1.554059267088333252e-01 5.000000000000000000e+00
1.555769955879570676e-01 5.000000000000000000e+00
1.557525904664464333e-01 5.000000000000000000e+00
1.559332245048774268e-01 5.000000000000000000e+00
1.561203633612077701e-01 5.000000000000000000e+00
1.563156966182151497e-01 5.000000000000000000e+00
1.565202670948059593e-01 5.000000000000000000e+00
1.567334378914803927e-01 5.000000000000000000e+00
1.569520832278635536e-01 5.000000000000000000e+00
1.571710077983967391e-01 5.000000000000000000e+00
1.573849205098426796e-01 5.000000000000000000e+00
1.575904968119702376e-01 5.000000000000000000e+00
1.577869503658022310e-01 5.000000000000000000e+00
1.579752944977970697e-01 5.000000000000000000e+00
1.581573282735821706e-01 5.000000000000000000e+00
1.583349234559301433e-01 5.000000000000000000e+00
1.585096654729072907e-01 5.000000000000000000e+00
1.586827333783244198e-01 5.000000000000000000e+00
1.588549125937254725e-01 5.000000000000000000e+00
1.590271912474862381e-01 5.000000000000000000e+00
1.592005461923597098e-01 5.000000000000000000e+00
1.593757254591398609e-01 5.000000000000000000e+00
1.595538418303144024e-01 5.000000000000000000e+00
1.597363889296436468e-01 5.000000000000000000e+00
1.599251349181211868e-01 5.000000000000000000e+00
1.601217921451982829e-01 5.000000000000000000e+00
1.603273468535665325e-01 5.000000000000000000e+00
1.605410782979328765e-01 5.000000000000000000e+00
1.607597887260431568e-01 5.000000000000000000e+00
1.609782641772061484e-01 5.000000000000000000e+00
1.611912605237963148e-01 5.000000000000000000e+00
1.613955398977846567e-01 5.000000000000000000e+00
1.615904087008138701e-01 5.000000000000000000e+00
1.617769573868588495e-01 5.000000000000000000e+00
1.619569943405871348e-01 5.000000000000000000e+00
1.621321064411598567e-01 5.000000000000000000e+00
1.623028687448931362e-01 5.000000000000000000e+00
1.624690427926232528e-01 5.000000000000000000e+00
1.626315985615449655e-01 5.000000000000000000e+00
1.627941954115808276e-01 5.000000000000000000e+00
1.629605199679518002e-01 5.000000000000000000e+00
1.631315961232969736e-01 5.000000000000000000e+00
1.633072018320612107e-01 5.000000000000000000e+00
1.634878489432090853e-01 5.000000000000000000e+00
1.636749999075146345e-01 5.000000000000000000e+00
1.638703409606416528e-01 5.000000000000000000e+00
1.640749134045164925e-01 5.000000000000000000e+00
1.642880816871588323e-01 5.000000000000000000e+00
1.645067232870700003e-01 5.000000000000000000e+00
1.647256451651676612e-01 5.000000000000000000e+00
1.649395553894299482e-01 5.000000000000000000e+00
1.651451267957665670e-01 5.000000000000000000e+00
1.653415714722370200e-01 5.000000000000000000e+00
1.655299033142756671e-01 5.000000000000000000e+00
1.657119234240952976e-01 5.000000000000000000e+00
1.658895060047479719e-01 5.000000000000000000e+00
1.660642385904413654e-01 5.000000000000000000e+00
1.662373016591554009e-01 5.000000000000000000e+00
1.664094812982182814e-01 5.000000000000000000e+00
1.665817655313361900e-01 5.000000000000000000e+00
1.667551305823437580e-01 5.000000000000000000e+00
1.669303233920694240e-01 5.000000000000000000e+00
1.671084550334863694e-01 5.000000000000000000e+00
1.672910168784986773e-01 5.000000000000000000e+00
1.674797746074059290e-01 5.000000000000000000e+00
1.676764385055366513e-01 5.000000000000000000e+00
1.678819941462492416e-01 5.000000000000000000e+00
1.680957223551946544e-01 5.000000000000000000e+00
1.683144286379914256e-01 5.000000000000000000e+00
1.685329013589721980e-01 5.000000000000000000e+00
1.687458955570547980e-01 5.000000000000000000e+00
1.689501705886803096e-01 5.000000000000000000e+00
1.691450311766852510e-01 5.000000000000000000e+00
1.693315686068127268e-01 5.000000000000000000e+00
1.695115938707336956e-01 5.000000000000000000e+00
1.696866966619131889e-01 5.000000000000000000e+00
1.698574537460971756e-01 5.000000000000000000e+00
1.700236266762509274e-01 5.000000000000000000e+00
1.701861841293695610e-01 5.000000000000000000e+00
1.703487841234620492e-01 5.000000000000000000e+00
1.705151132415995141e-01 5.000000000000000000e+00
1.706861966724417812e-01 5.000000000000000000e+00
1.708618132087465213e-01 5.000000000000000000e+00
1.710424733904676309e-01 5.000000000000000000e+00
1.712296364631000767e-01 5.000000000000000000e+00
1.714249853146624647e-01 5.000000000000000000e+00
1.716295597267173401e-01 5.000000000000000000e+00
1.718427254903696633e-01 5.000000000000000000e+00
1.720613633421884392e-01 5.000000000000000000e+00
1.722802825153268436e-01 5.000000000000000000e+00
1.724941902464802446e-01 5.000000000000000000e+00
1.726997567598726191e-01 5.000000000000000000e+00
1.728961925672641009e-01 5.000000000000000000e+00
1.730845121284113608e-01 5.000000000000000000e+00
1.732665185789495355e-01 5.000000000000000000e+00
1.734440885611162608e-01 5.000000000000000000e+00
1.736188117157400623e-01 5.000000000000000000e+00
1.737918699462111527e-01 5.000000000000000000e+00
1.739640500069100371e-01 5.000000000000000000e+00
1.741363398177753763e-01 5.000000000000000000e+00
1.743097149742205421e-01 5.000000000000000000e+00
1.744849213274164701e-01 5.000000000000000000e+00
1.746630682410279245e-01 5.000000000000000000e+00
1.748456448350430847e-01 5.000000000000000000e+00
1.750344143084197057e-01 5.000000000000000000e+00
1.752310848807232257e-01 5.000000000000000000e+00
1.754366414531655649e-01 5.000000000000000000e+00
1.756503664194926095e-01 5.000000000000000000e+00
1.758690685436747059e-01 5.000000000000000000e+00
1.760875385211699562e-01 5.000000000000000000e+00
1.763005305647598053e-01 5.000000000000000000e+00
1.765048012571240332e-01 5.000000000000000000e+00
1.766996536383837746e-01 5.000000000000000000e+00
1.768861798209231673e-01 5.000000000000000000e+00
1.770661934003103510e-01 5.000000000000000000e+00
1.772412868841842792e-01 5.000000000000000000e+00
1.774120387497934992e-01 5.000000000000000000e+00
1.775782105644475861e-01 5.000000000000000000e+00
1.777407697054531888e-01 5.000000000000000000e+00
1.779033728476082099e-01 5.000000000000000000e+00
1.780697065297849879e-01 5.000000000000000000e+00
1.782407972354004555e-01 5.000000000000000000e+00
1.784164245965079165e-01 5.000000000000000000e+00
1.785970978466501768e-01 5.000000000000000000e+00
1.787842730279510794e-01 5.000000000000000000e+00
1.789796296802582398e-01 5.000000000000000000e+00
1.791842060613915155e-01 5.000000000000000000e+00
1.793973693011072790e-01 5.000000000000000000e+00
1.796160033932251987e-01 5.000000000000000000e+00
1.798349198488812806e-01 5.000000000000000000e+00
1.800488250809914037e-01 5.000000000000000000e+00
1.802543867042772086e-01 5.000000000000000000e+00
1.804508136508701788e-01 5.000000000000000000e+00
1.806391209401964626e-01 5.000000000000000000e+00
1.808211137381468547e-01 5.000000000000000000e+00
1.809986711250458624e-01 5.000000000000000000e+00
1.811733848488194520e-01 5.000000000000000000e+00
1.813464382395086616e-01 5.000000000000000000e+00
1.815186187198153944e-01 5.000000000000000000e+00
1.816909141068144828e-01 5.000000000000000000e+00
1.818642993679955022e-01 5.000000000000000000e+00
1.820395192651802219e-01 5.000000000000000000e+00
1.822176814529316846e-01 5.000000000000000000e+00
1.824002727992628803e-01 5.000000000000000000e+00
1.825890540211441704e-01 5.000000000000000000e+00
1.827857312707397153e-01 5.000000000000000000e+00
1.829912887743045113e-01 5.000000000000000000e+00
1.832050104908282129e-01 5.000000000000000000e+00
1.834237084431042109e-01 5.000000000000000000e+00
1.836421756638083047e-01 5.000000000000000000e+00
1.838551655469094770e-01 5.000000000000000000e+00
1.840594319031049475e-01 5.000000000000000000e+00
1.842542760858976725e-01 5.000000000000000000e+00
1.844407910291856467e-01 5.000000000000000000e+00
1.846207929293222361e-01 5.000000000000000000e+00
1.847958771079853402e-01 5.000000000000000000e+00
1.849666237559959292e-01 5.000000000000000000e+00
1.851327944572241924e-01 5.000000000000000000e+00
1.852953552898036760e-01 5.000000000000000000e+00
1.854579615840263596e-01 5.000000000000000000e+00
1.856242998325163540e-01 5.000000000000000000e+00
1.857953978121821004e-01 5.000000000000000000e+00
1.859710359953508918e-01 5.000000000000000000e+00
1.861517223117534758e-01 5.000000000000000000e+00
1.863389096020542923e-01 5.000000000000000000e+00
1.865342740574095493e-01 5.000000000000000000e+00
1.867388524085222545e-01 5.000000000000000000e+00
1.869520131193662671e-01 5.000000000000000000e+00
1.871706434401866348e-01 5.000000000000000000e+00
1.873895571658381609e-01 5.000000000000000000e+00
1.876034598929615937e-01 5.000000000000000000e+00
1.878090166289690111e-01 5.000000000000000000e+00
1.880054347230420697e-01 5.000000000000000000e+00
1.881937297496232009e-01 5.000000000000000000e+00
1.883757089016889763e-01 5.000000000000000000e+00
1.885532536965477679e-01 5.000000000000000000e+00
1.887279579896959936e-01 5.000000000000000000e+00
1.889010065390651916e-01 5.000000000000000000e+00
1.890731874369491194e-01 5.000000000000000000e+00
1.892454883984638625e-01 5.000000000000000000e+00
1.894188837636738565e-01 5.000000000000000000e+00
1.895941172053603185e-01 5.000000000000000000e+00
1.897722946691903778e-01 5.000000000000000000e+00
1.899549007711441861e-01 5.000000000000000000e+00
1.901436937455608656e-01 5.000000000000000000e+00
1.903403776755680510e-01 5.000000000000000000e+00
1.905459361096550341e-01 5.000000000000000000e+00
1.907596545692031298e-01 5.000000000000000000e+00
1.909783483362912926e-01 5.000000000000000000e+00
1.911968127868966527e-01 5.000000000000000000e+00
1.914098005035022587e-01 5.000000000000000000e+00
1.916140625266124220e-01 5.000000000000000000e+00
1.918088985192156481e-01 5.000000000000000000e+00
1.919954022315953635e-01 5.000000000000000000e+00
1.921753924577744577e-01 5.000000000000000000e+00
1.923504673333288617e-01 5.000000000000000000e+00
1.925212087647180381e-01 5.000000000000000000e+00
1.926873783545915708e-01 5.000000000000000000e+00
1.928499408824288219e-01 5.000000000000000000e+00
1.930125503327235481e-01 5.000000000000000000e+00
1.931788931498019113e-01 5.000000000000000000e+00
1.933499984027958474e-01 5.000000000000000000e+00
1.935256474052810538e-01 5.000000000000000000e+00
1.937063467857744747e-01 5.000000000000000000e+00
1.938935461853965314e-01 5.000000000000000000e+00
1.940889184460970751e-01 5.000000000000000000e+00
1.942934987680925984e-01 5.000000000000000000e+00
1.945066569451412986e-01 5.000000000000000000e+00
1.947252834830787704e-01 5.000000000000000000e+00
1.949441944662047010e-01 5.000000000000000000e+00
1.951580946823883722e-01 5.000000000000000000e+00
1.953636465339368411e-01 5.000000000000000000e+00
1.955600557837665343e-01 5.000000000000000000e+00
1.957483385566839984e-01 5.000000000000000000e+00
1.959303040695778431e-01 5.000000000000000000e+00
1.961078362756328020e-01 5.000000000000000000e+00
1.962825311383858407e-01 5.000000000000000000e+00
1.964555748448980621e-01 5.000000000000000000e+00
1.966277561583260336e-01 5.000000000000000000e+00
1.968000626927340901e-01 5.000000000000000000e+00
1.969734681612610450e-01 5.000000000000000000e+00
1.971487151479558719e-01 5.000000000000000000e+00
1.973269078897965656e-01 5.000000000000000000e+00
1.975095287506730968e-01 5.000000000000000000e+00
1.976983334816514726e-01 5.000000000000000000e+00
1.978950240951899697e-01 5.000000000000000000e+00
1.981005834592063086e-01 5.000000000000000000e+00
1.983142986546188313e-01 5.000000000000000000e+00
1.985329882232468035e-01 5.000000000000000000e+00
1.987514498904440208e-01 5.000000000000000000e+00
1.989644354345363186e-01 5.000000000000000000e+00
1.991686931276356876e-01 5.000000000000000000e+00
1.993635209383260443e-01 5.000000000000000000e+00
1.995500134281477100e-01 5.000000000000000000e+00
1.997299919856722339e-01 5.000000000000000000e+00
1.999050575602269730e-01 5.000000000000000000e+00
2.000757937759734262e-01 5.000000000000000000e+00
2.002419622565607404e-01 5.000000000000000000e+00
2.004045264833364814e-01 5.000000000000000000e+00
2.005671390937067422e-01 5.000000000000000000e+00
2.007334864816501252e-01 5.000000000000000000e+00
2.009045990072508003e-01 5.000000000000000000e+00
2.010802588263038426e-01 5.000000000000000000e+00
2.012609712687100094e-01 5.000000000000000000e+00
2.014481827779646683e-01 5.000000000000000000e+00
2.016435628463013052e-01 5.000000000000000000e+00
2.018481451400857829e-01 5.000000000000000000e+00
2.020613007784269333e-01 5.000000000000000000e+00
2.022799235219080172e-01 5.000000000000000000e+00
2.024988317499880064e-01 5.000000000000000000e+00
2.027127294492700460e-01 5.000000000000000000e+00
2.029182764191695965e-01 5.000000000000000000e+00
2.031146768330304164e-01 5.000000000000000000e+00
2.033029473613711113e-01 5.000000000000000000e+00
2.034848992418153424e-01 5.000000000000000000e+00
2.036624188623120113e-01 5.000000000000000000e+00
2.038371042949052858e-01 5.000000000000000000e+00
2.040101431570243151e-01 5.000000000000000000e+00
2.041823248839609861e-01 5.000000000000000000e+00
2.043546369896356019e-01 5.000000000000000000e+00
2.045280525607624522e-01 5.000000000000000000e+00
2.047033130929664380e-01 5.000000000000000000e+00
2.048815211147429760e-01 5.000000000000000000e+00
2.050641567378357621e-01 5.000000000000000000e+00
2.052529732293975617e-01 5.000000000000000000e+00
2.054496705295873193e-01 5.000000000000000000e+00
2.056552308229471215e-01 5.000000000000000000e+00
2.058689427470768996e-01 5.000000000000000000e+00
2.060876281039821234e-01 5.000000000000000000e+00
2.063060869744597348e-01 5.000000000000000000e+00
2.065190703400100192e-01 5.000000000000000000e+00
2.067233237061640860e-01 5.000000000000000000e+00
2.069181433432174255e-01 5.000000000000000000e+00
2.071046246188379958e-01 5.000000000000000000e+00
2.072845915130205885e-01 5.000000000000000000e+00
2.074596477886918866e-01 5.000000000000000000e+00
2.076303787897758601e-01 5.000000000000000000e+00
2.077965461631425259e-01 5.000000000000000000e+00
2.079591120925344816e-01 5.000000000000000000e+00
2.081217278669827975e-01 5.000000000000000000e+00
2.082880798280692392e-01 5.000000000000000000e+00
2.084591996255560908e-01 5.000000000000000000e+00
2.086348702584250314e-01 5.000000000000000000e+00
2.088155957605572488e-01 5.000000000000000000e+00
2.090028193797456302e-01 5.000000000000000000e+00
2.091982072580031438e-01 5.000000000000000000e+00
2.094027915244849325e-01 5.000000000000000000e+00
2.096159446192175924e-01 5.000000000000000000e+00
2.098345635566805367e-01 5.000000000000000000e+00
2.100534690171951269e-01 5.000000000000000000e+00
2.102673641936043669e-01 5.000000000000000000e+00
2.104729062846560916e-01 5.000000000000000000e+00
2.106692978708203379e-01 5.000000000000000000e+00
2.108575561636767959e-01 5.000000000000000000e+00
2.110394944184032506e-01 5.000000000000000000e+00
2.112170014565959153e-01 5.000000000000000000e+00
2.113916774592705661e-01 5.000000000000000000e+00
2.115647114754612423e-01 5.000000000000000000e+00
2.117368936138687430e-01 5.000000000000000000e+00
2.119092112891790280e-01 5.000000000000000000e+00
2.120826369621833796e-01 5.000000000000000000e+00
2.122579110403914338e-01 5.000000000000000000e+00
2.124361343440222261e-01 5.000000000000000000e+00
2.126187847326183600e-01 5.000000000000000000e+00
2.128076129887806756e-01 5.000000000000000000e+00
2.130043169787419755e-01 5.000000000000000000e+00
2.132098782008663984e-01 5.000000000000000000e+00
2.134235868465788333e-01 5.000000000000000000e+00
2.136422679785082990e-01 5.000000000000000000e+00
2.138607240389529263e-01 5.000000000000000000e+00
2.140737052199218615e-01 5.000000000000000000e+00
2.142779542621869315e-01 5.000000000000000000e+00
2.144727657338782456e-01 5.000000000000000000e+00
2.146592358036616133e-01 5.000000000000000000e+00
2.148391910398247950e-01 5.000000000000000000e+00
2.150142380187359259e-01 5.000000000000000000e+00
2.151849638061390513e-01 5.000000000000000000e+00
2.153511300743478629e-01 5.000000000000000000e+00
2.155136977100305384e-01 5.000000000000000000e+00
2.156763166525587638e-01 5.000000000000000000e+00
2.158426731890676631e-01 5.000000000000000000e+00
2.160138002577208782e-01 5.000000000000000000e+00
2.161894817016500325e-01 5.000000000000000000e+00
2.163702202613131398e-01 5.000000000000000000e+00
2.165574559907262331e-01 5.000000000000000000e+00
2.167528516811831063e-01 5.000000000000000000e+00
2.169574379212730608e-01 5.000000000000000000e+00
2.171705884675077802e-01 5.000000000000000000e+00
2.173892035874025741e-01 5.000000000000000000e+00
2.176081062678333622e-01 5.000000000000000000e+00
2.178219989153893643e-01 5.000000000000000000e+00
2.180275361303850579e-01 5.000000000000000000e+00
2.182239188971231980e-01 5.000000000000000000e+00
2.184121649635934470e-01 5.000000000000000000e+00
2.185940895993431776e-01 5.000000000000000000e+00
2.187715840584954774e-01 5.000000000000000000e+00
2.189462506314978074e-01 5.000000000000000000e+00
2.191192798002260800e-01 5.000000000000000000e+00
2.192914623480640424e-01 5.000000000000000000e+00
2.194637855913747770e-01 5.000000000000000000e+00
2.196372213655292394e-01 5.000000000000000000e+00
2.198125089902301377e-01 5.000000000000000000e+00
2.199907475776272103e-01 5.000000000000000000e+00
2.201734127350069847e-01 5.000000000000000000e+00
2.203622527597824954e-01 5.000000000000000000e+00
2.205589634426356749e-01 5.000000000000000000e+00
2.207645255929530925e-01 5.000000000000000000e+00
2.209782309531261313e-01 5.000000000000000000e+00
2.211969078468366545e-01 5.000000000000000000e+00
2.214153610839326158e-01 5.000000000000000000e+00
2.216283400742701248e-01 5.000000000000000000e+00
2.218325847956935382e-01 5.000000000000000000e+00
2.220273881102970970e-01 5.000000000000000000e+00
2.222138469826138718e-01 5.000000000000000000e+00
2.223937905660896830e-01 5.000000000000000000e+00
2.225688282503712756e-01 5.000000000000000000e+00
2.227395488250765720e-01 5.000000000000000000e+00
2.229057139901876594e-01 5.000000000000000000e+00
2.230682833358325345e-01 5.000000000000000000e+00
2.232309054504415524e-01 5.000000000000000000e+00
2.233972665646536404e-01 5.000000000000000000e+00
2.235684009037540998e-01 5.000000000000000000e+00
2.237440931559845636e-01 5.000000000000000000e+00
2.239248447709746570e-01 5.000000000000000000e+00
2.241120926108933209e-01 5.000000000000000000e+00
2.243074961158218750e-01 5.000000000000000000e+00
2.245120843304333480e-01 5.000000000000000000e+00
2.247252323232920845e-01 5.000000000000000000e+00
2.249438436140804021e-01 5.000000000000000000e+00
2.251627435019098733e-01 5.000000000000000000e+00
2.253766336146230953e-01 5.000000000000000000e+00
2.255821659563454207e-01 5.000000000000000000e+00
2.257785399119258685e-01 5.000000000000000000e+00
2.259667737611132377e-01 5.000000000000000000e+00
2.261486847846370662e-01 5.000000000000000000e+00
2.263261666680215778e-01 5.000000000000000000e+00
2.265008238116034134e-01 5.000000000000000000e+00
2.266738481313360087e-01 5.000000000000000000e+00
2.268460310865614837e-01 5.000000000000000000e+00
2.270183598962336180e-01 5.000000000000000000e+00
2.271918057708052496e-01 5.000000000000000000e+00
2.273671069424819946e-01 5.000000000000000000e+00
2.275453608155506013e-01 5.000000000000000000e+00
2.277280407449877309e-01 5.000000000000000000e+00
2.279168925423847580e-01 5.000000000000000000e+00
2.281136099212502655e-01 5.000000000000000000e+00
2.283191729991962682e-01 5.000000000000000000e+00
2.285328750667202924e-01 5.000000000000000000e+00
2.287515477089780702e-01 5.000000000000000000e+00
2.289699981094082126e-01 5.000000000000000000e+00
2.291829749030533936e-01 5.000000000000000000e+00
2.293872153066733033e-01 5.000000000000000000e+00
2.295820104724624056e-01 5.000000000000000000e+00
2.297684581556898309e-01 5.000000000000000000e+00
2.299483900918204149e-01 5.000000000000000000e+00
2.301234184836101204e-01 5.000000000000000000e+00
2.302941338466019672e-01 5.000000000000000000e+00
2.304602979106728233e-01 5.000000000000000000e+00
2.306228689699483247e-01 5.000000000000000000e+00
2.307854942606382131e-01 5.000000000000000000e+00
2.309518599548355255e-01 5.000000000000000000e+00
2.311230015636648871e-01 5.000000000000000000e+00
2.312987046214342035e-01 5.000000000000000000e+00
2.314794692895388584e-01 5.000000000000000000e+00
2.316667292402337375e-01 5.000000000000000000e+00
2.318621405618999654e-01 5.000000000000000000e+00
2.320667307519488631e-01 5.000000000000000000e+00
2.322798761865648709e-01 5.000000000000000000e+00
2.324984836367200991e-01 5.000000000000000000e+00
2.327173807194318211e-01 5.000000000000000000e+00
2.329312682913037280e-01 5.000000000000000000e+00
2.331367957625259391e-01 5.000000000000000000e+00
2.333331609152150821e-01 5.000000000000000000e+00
2.335213825562283685e-01 5.000000000000000000e+00
2.337032799742864986e-01 5.000000000000000000e+00
2.338807492851847081e-01 5.000000000000000000e+00
2.340553969996035377e-01 5.000000000000000000e+00
2.342284164688081538e-01 5.000000000000000000e+00
2.344005998293760273e-01 5.000000000000000000e+00
2.345729342037659315e-01 5.000000000000000000e+00
2.347463901780169893e-01 5.000000000000000000e+00
2.349217048971465327e-01 5.000000000000000000e+00
2.350999740577851549e-01 5.000000000000000000e+00
2.352826687625469426e-01 5.000000000000000000e+00
2.354715323365689783e-01 5.000000000000000000e+00
2.356682564145674008e-01 5.000000000000000000e+00
2.358738204195847399e-01 5.000000000000000000e+00
2.360875191873627044e-01 5.000000000000000000e+00
2.363061875649438703e-01 5.000000000000000000e+00
2.365246351153890425e-01 5.000000000000000000e+00
2.367376097062699747e-01 5.000000000000000000e+00
2.369418457951155410e-01 5.000000000000000000e+00
2.371366328203625140e-01 5.000000000000000000e+00
2.373230693228849109e-01 5.000000000000000000e+00
2.375029896170221810e-01 5.000000000000000000e+00
2.376780087184644508e-01 5.000000000000000000e+00
2.378487188707290312e-01 5.000000000000000000e+00
2.380148818358141793e-01 5.000000000000000000e+00
2.381774546123857916e-01 5.000000000000000000e+00
2.383400830831557404e-01 5.000000000000000000e+00
2.385064533596216174e-01 5.000000000000000000e+00
2.386776022374625383e-01 5.000000000000000000e+00
2.388533160980045311e-01 5.000000000000000000e+00
2.390340938170027740e-01 5.000000000000000000e+00
2.392213658787346042e-01 5.000000000000000000e+00
2.394167850193981428e-01 5.000000000000000000e+00
2.396213771858025920e-01 5.000000000000000000e+00
2.398345200573206437e-01 5.000000000000000000e+00
2.400531236553277714e-01 5.000000000000000000e+00
2.402720179204065054e-01 5.000000000000000000e+00
2.404859029454292085e-01 5.000000000000000000e+00
2.406914255489155940e-01 5.000000000000000000e+00
2.408877819069775716e-01 5.000000000000000000e+00
2.410759913489312622e-01 5.000000000000000000e+00
2.412578751682932232e-01 5.000000000000000000e+00
2.414353319099958872e-01 5.000000000000000000e+00
2.416099701955143619e-01 5.000000000000000000e+00
2.417829848126596681e-01 5.000000000000000000e+00
2.419551685765224947e-01 5.000000000000000000e+00
2.421275085139822647e-01 5.000000000000000000e+00
2.423009745871698428e-01 5.000000000000000000e+00
2.424763028542230858e-01 5.000000000000000000e+00
2.426545873043235435e-01 5.000000000000000000e+00
2.428372967876707422e-01 5.000000000000000000e+00
2.430261721423168653e-01 5.000000000000000000e+00
2.432229029225688177e-01 5.000000000000000000e+00
2.434284678541073221e-01 5.000000000000000000e+00
2.436421633150548938e-01 5.000000000000000000e+00
2.438608274147452126e-01 5.000000000000000000e+00
2.440792721018843481e-01 5.000000000000000000e+00
2.442922444839185081e-01 5.000000000000000000e+00
2.444964762610095377e-01 5.000000000000000000e+00
2.446912551539860980e-01 5.000000000000000000e+00
2.448776804841943378e-01 5.000000000000000000e+00
2.450575891416997554e-01 5.000000000000000000e+00
2.452325989549466179e-01 5.000000000000000000e+00
2.454033038974713643e-01 5.000000000000000000e+00
2.455694657656227187e-01 5.000000000000000000e+00
2.457320402631526512e-01 5.000000000000000000e+00
2.458946719180009066e-01 5.000000000000000000e+00
2.460610467790201594e-01 5.000000000000000000e+00
2.462322029251560740e-01 5.000000000000000000e+00
2.464079275857012641e-01 5.000000000000000000e+00
2.465887183533635729e-01 5.000000000000000000e+00
2.467760025263827928e-01 5.000000000000000000e+00
2.469714294882971450e-01 5.000000000000000000e+00
2.471760236319776871e-01 5.000000000000000000e+00
2.473891639355537408e-01 5.000000000000000000e+00
2.476077636699098306e-01 5.000000000000000000e+00
2.478266551048411703e-01 5.000000000000000000e+00
2.480405375769975662e-01 5.000000000000000000e+00
2.482460553155034222e-01 5.000000000000000000e+00
2.484424028872002088e-01 5.000000000000000000e+00
2.486306001392139808e-01 5.000000000000000000e+00
2.488124703666588500e-01 5.000000000000000000e+00
2.489899145424657179e-01 5.000000000000000000e+00
2.491645433993520398e-01 5.000000000000000000e+00
2.493375531629078712e-01 5.000000000000000000e+00
2.495097373280155129e-01 5.000000000000000000e+00
2.496820828268932757e-01 5.000000000000000000e+00
2.498555589982691394e-01 5.000000000000000000e+00
2.500309008137110989e-01 5.000000000000000000e+00
2.502092005551586618e-01 5.000000000000000000e+00
2.503919248203452241e-01 5.000000000000000000e+00
2.505808119596099615e-01 5.000000000000000000e+00
2.507775494452365583e-01 5.000000000000000000e+00
2.509831153027528572e-01 5.000000000000000000e+00
2.511968074497981096e-01 5.000000000000000000e+00
2.514154672583931438e-01 5.000000000000000000e+00
2.516339090689033164e-01 5.000000000000000000e+00
2.518468792359973007e-01 5.000000000000000000e+00
2.520511067043448294e-01 5.000000000000000000e+00
2.522458774733213338e-01 5.000000000000000000e+00
2.524322916396133376e-01 5.000000000000000000e+00
2.526121886658582172e-01 5.000000000000000000e+00
2.527871891930687509e-01 5.000000000000000000e+00
2.529578889268424557e-01 5.000000000000000000e+00
2.531240497001093215e-01 5.000000000000000000e+00
2.532866259222567584e-01 5.000000000000000000e+00
2.534492607651808727e-01 5.000000000000000000e+00
2.536156402130396170e-01 5.000000000000000000e+00
2.537868036267545979e-01 5.000000000000000000e+00
2.539625390845300923e-01 5.000000000000000000e+00
2.541433428986183407e-01 5.000000000000000000e+00
2.543306391831651192e-01 5.000000000000000000e+00
2.545260739685776263e-01 5.000000000000000000e+00
2.547306700904572452e-01 5.000000000000000000e+00
2.549438078212585834e-01 5.000000000000000000e+00
2.551624036804723827e-01 5.000000000000000000e+00
2.553812922727429213e-01 5.000000000000000000e+00
2.555951721860071912e-01 5.000000000000000000e+00
2.558006850622782657e-01 5.000000000000000000e+00
2.559970238558698097e-01 5.000000000000000000e+00
2.561852089270688082e-01 5.000000000000000000e+00
2.563670655693852107e-01 5.000000000000000000e+00
2.565444971826049136e-01 5.000000000000000000e+00
2.567191166111329470e-01 5.000000000000000000e+00
2.568921215195699714e-01 5.000000000000000000e+00
2.570643060838700422e-01 5.000000000000000000e+00
2.572366571425093729e-01 5.000000000000000000e+00
2.574101434113204023e-01 5.000000000000000000e+00
2.575854987756100445e-01 5.000000000000000000e+00
2.577638138102830712e-01 5.000000000000000000e+00
2.579465528605567326e-01 5.000000000000000000e+00
2.581354517884298927e-01 5.000000000000000000e+00
2.583321959825522485e-01 5.000000000000000000e+00
2.585377627655103816e-01 5.000000000000000000e+00
2.587514515915939617e-01 5.000000000000000000e+00
2.589701070958990159e-01 5.000000000000000000e+00
2.591885460164553012e-01 5.000000000000000000e+00
2.594015139625053812e-01 5.000000000000000000e+00
2.596057371251110357e-01 5.000000000000000000e+00
2.598004997783570080e-01 5.000000000000000000e+00
2.599869027891370532e-01 5.000000000000000000e+00
2.601667881895023959e-01 5.000000000000000000e+00
2.603417794328427570e-01 5.000000000000000000e+00
2.605124739588557947e-01 5.000000000000000000e+00
2.606786336392848402e-01 5.000000000000000000e+00
2.608412115897061345e-01 5.000000000000000000e+00
2.610038496247025774e-01 5.000000000000000000e+00
2.611702336616881226e-01 5.000000000000000000e+00
2.613414043422671584e-01 5.000000000000000000e+00
2.615171505944965391e-01 5.000000000000000000e+00
2.616979674527643018e-01 5.000000000000000000e+00
2.618852758490687327e-01 5.000000000000000000e+00
2.620807184602201856e-01 5.000000000000000000e+00
2.622853165612241133e-01 5.000000000000000000e+00
2.624984517144297591e-01 5.000000000000000000e+00
2.627170436870214787e-01 5.000000000000000000e+00
2.629359294241190304e-01 5.000000000000000000e+00
2.631498067724559742e-01 5.000000000000000000e+00
2.633553147892289670e-01 5.000000000000000000e+00
2.635516448129732181e-01 5.000000000000000000e+00
2.637398177124877230e-01 5.000000000000000000e+00
2.639216607764734990e-01 5.000000000000000000e+00
2.640990798304242437e-01 5.000000000000000000e+00
2.642736898308729598e-01 5.000000000000000000e+00
2.644466898826629553e-01 5.000000000000000000e+00
2.646188748441006822e-01 5.000000000000000000e+00
2.647912314608412698e-01 5.000000000000000000e+00
2.649647278263287387e-01 5.000000000000000000e+00
2.651400967399192288e-01 5.000000000000000000e+00
2.653184270696896663e-01 5.000000000000000000e+00
2.655011809082913898e-01 5.000000000000000000e+00
2.656900916287582848e-01 5.000000000000000000e+00
2.658868425344976805e-01 5.000000000000000000e+00
2.660924102423685156e-01 5.000000000000000000e+00
2.663060957404436713e-01 5.000000000000000000e+00
2.665247469272736813e-01 5.000000000000000000e+00
2.667431829445498503e-01 5.000000000000000000e+00
2.669561486634406955e-01 5.000000000000000000e+00
2.671603675232973041e-01 5.000000000000000000e+00
2.673551220690812413e-01 5.000000000000000000e+00
2.675415139327605440e-01 5.000000000000000000e+00
2.677213877126374264e-01 5.000000000000000000e+00
2.678963696742810985e-01 5.000000000000000000e+00
2.680670589935253978e-01 5.000000000000000000e+00
2.682332175831600996e-01 5.000000000000000000e+00
2.683957972655082180e-01 5.000000000000000000e+00
2.685584384965729043e-01 5.000000000000000000e+00
2.687248271249739751e-01 5.000000000000000000e+00
2.688960050717029704e-01 5.000000000000000000e+00
2.690717621156064610e-01 5.000000000000000000e+00
2.692525920157983754e-01 5.000000000000000000e+00
2.694399125240805604e-01 5.000000000000000000e+00
2.696353629632056159e-01 5.000000000000000000e+00
2.698399630442615549e-01 5.000000000000000000e+00
2.700530956150614115e-01 5.000000000000000000e+00
2.702716836895633912e-01 5.000000000000000000e+00
2.704905665589767416e-01 5.000000000000000000e+00
2.707044413363424162e-01 5.000000000000000000e+00
2.709099444963447567e-01 5.000000000000000000e+00
2.711062657584970004e-01 5.000000000000000000e+00
2.712944264954631479e-01 5.000000000000000000e+00
2.714762559879257964e-01 5.000000000000000000e+00
2.716536624859343108e-01 5.000000000000000000e+00
2.718282630585882043e-01 5.000000000000000000e+00
2.720012582522042255e-01 5.000000000000000000e+00
2.721734436087223097e-01 5.000000000000000000e+00
2.723458057818995415e-01 5.000000000000000000e+00
2.725193122432998938e-01 5.000000000000000000e+00
2.726946947066385407e-01 5.000000000000000000e+00
2.728730403333712862e-01 5.000000000000000000e+00
2.730558089635352625e-01 5.000000000000000000e+00
2.732447314805767635e-01 5.000000000000000000e+00
2.734414891010541471e-01 5.000000000000000000e+00
2.736470577333161569e-01 5.000000000000000000e+00
2.738607398963487372e-01 5.000000000000000000e+00
2.740793867525285199e-01 5.000000000000000000e+00
2.742978198531961787e-01 5.000000000000000000e+00
2.745107833388021890e-01 5.000000000000000000e+00
2.747149978988933094e-01 5.000000000000000000e+00
2.749097443454829315e-01 5.000000000000000000e+00
2.750961250704790362e-01 5.000000000000000000e+00
2.752759872352679715e-01 5.000000000000000000e+00
2.754509599173955436e-01 5.000000000000000000e+00
2.756216440308647542e-01 5.000000000000000000e+00
2.757878015317464238e-01 5.000000000000000000e+00
2.759503829496709471e-01 5.000000000000000000e+00
2.761130273807987923e-01 5.000000000000000000e+00
2.762794206029056121e-01 5.000000000000000000e+00
2.764506058150711931e-01 5.000000000000000000e+00
2.766263736478654089e-01 5.000000000000000000e+00
2.768072165877179525e-01 5.000000000000000000e+00
2.769945492081875571e-01 5.000000000000000000e+00
2.771900074775146550e-01 5.000000000000000000e+00
2.773946095395524725e-01 5.000000000000000000e+00
2.776077395231481004e-01 5.000000000000000000e+00
2.778263236881041154e-01 5.000000000000000000e+00
2.780452036773236046e-01 5.000000000000000000e+00
2.782590758776642970e-01 5.000000000000000000e+00
2.784645741836142552e-01 5.000000000000000000e+00
2.786608866924283334e-01 5.000000000000000000e+00
2.788490352759873114e-01 5.000000000000000000e+00
2.790308512037432132e-01 5.000000000000000000e+00
2.792082451491455508e-01 5.000000000000000000e+00
2.793828362942951116e-01 5.000000000000000000e+00
2.795558266282107129e-01 5.000000000000000000e+00
2.797280123777498573e-01 5.000000000000000000e+00
2.799003801056946794e-01 5.000000000000000000e+00
2.800738966622390858e-01 5.000000000000000000e+00
2.802492926757669256e-01 5.000000000000000000e+00
2.804276536013204368e-01 5.000000000000000000e+00
2.806104370262748060e-01 5.000000000000000000e+00
2.807993713438670658e-01 5.000000000000000000e+00
2.809961356822037737e-01 5.000000000000000000e+00
2.812017052383422033e-01 5.000000000000000000e+00
2.814153840593103251e-01 5.000000000000000000e+00
2.816340265716745783e-01 5.000000000000000000e+00
2.818524567424036675e-01 5.000000000000000000e+00
2.820654179885882518e-01 5.000000000000000000e+00
2.822696282518882271e-01 5.000000000000000000e+00
2.824643666075501436e-01 5.000000000000000000e+00
2.826507362022878111e-01 5.000000000000000000e+00
2.828305867573991383e-01 5.000000000000000000e+00
2.830055501621982494e-01 5.000000000000000000e+00
2.831762290708871310e-01 5.000000000000000000e+00
2.833423854850544710e-01 5.000000000000000000e+00
2.835049686422024817e-01 5.000000000000000000e+00
2.836676162773870136e-01 5.000000000000000000e+00
2.838340140954912494e-01 5.000000000000000000e+00
2.840052065723810415e-01 5.000000000000000000e+00
2.841809851912791562e-01 5.000000000000000000e+00
2.843618411685200909e-01 5.000000000000000000e+00
2.845491859013768443e-01 5.000000000000000000e+00
2.847446520031277628e-01 5.000000000000000000e+00
2.849492560470799907e-01 5.000000000000000000e+00
2.851623834386841083e-01 5.000000000000000000e+00
2.853809636826499796e-01 5.000000000000000000e+00
2.855998407791663918e-01 5.000000000000000000e+00
2.858137103964204506e-01 5.000000000000000000e+00
2.860192038510268597e-01 5.000000000000000000e+00
2.862155076147537280e-01 5.000000000000000000e+00
2.864036440540520534e-01 5.000000000000000000e+00
2.865854464239278587e-01 5.000000000000000000e+00
2.867628278200686776e-01 5.000000000000000000e+00
2.869374095380093914e-01 5.000000000000000000e+00
2.871103950106997926e-01 5.000000000000000000e+00
2.872825811511984240e-01 5.000000000000000000e+00
2.874549544322373418e-01 5.000000000000000000e+00
2.876284810831519212e-01 5.000000000000000000e+00
2.878038906473041059e-01 5.000000000000000000e+00
2.879822668735301239e-01 5.000000000000000000e+00
2.881650650964960314e-01 5.000000000000000000e+00
2.883540112186108173e-01 5.000000000000000000e+00
2.885507822779284082e-01 5.000000000000000000e+00
2.887563527574351641e-01 5.000000000000000000e+00
2.889700282293301004e-01 5.000000000000000000e+00
2.891886663847230143e-01 5.000000000000000000e+00
2.894070936121818094e-01 5.000000000000000000e+00
2.896200526127978292e-01 5.000000000000000000e+00
2.898242585822719541e-01 5.000000000000000000e+00
2.900189888552714423e-01 5.000000000000000000e+00
2.902053473281816509e-01 5.000000000000000000e+00
2.903851862790355343e-01 5.000000000000000000e+00
2.905601404087012618e-01 5.000000000000000000e+00
2.907308141136064061e-01 5.000000000000000000e+00
2.908969694430950104e-01 5.000000000000000000e+00
2.910595543431102050e-01 5.000000000000000000e+00
2.912222051863450623e-01 5.000000000000000000e+00
2.913886076027389915e-01 5.000000000000000000e+00
2.915598073436412863e-01 5.000000000000000000e+00
2.917355967458533095e-01 5.000000000000000000e+00
2.919164657582019595e-01 5.000000000000000000e+00
2.921038226036352103e-01 5.000000000000000000e+00
2.922992965400257881e-01 5.000000000000000000e+00
2.925039025668269010e-01 5.000000000000000000e+00
2.927170273616636620e-01 5.000000000000000000e+00
2.929356036732069235e-01 5.000000000000000000e+00
2.931544778645130411e-01 5.000000000000000000e+00
2.933683448926087123e-01 5.000000000000000000e+00
2.935738334985715237e-01 5.000000000000000000e+00
2.937701285254599726e-01 5.000000000000000000e+00
2.939582528296494912e-01 5.000000000000000000e+00
2.941400416484807878e-01 5.000000000000000000e+00
2.943174104987142936e-01 5.000000000000000000e+00
2.944919827897474751e-01 5.000000000000000000e+00
2.946649633996886175e-01 5.000000000000000000e+00
2.948371499290819986e-01 5.000000000000000000e+00
2.950095287615380202e-01 5.000000000000000000e+00
2.951830655060437292e-01 5.000000000000000000e+00
2.953584886212495819e-01 5.000000000000000000e+00
2.955368801499930198e-01 5.000000000000000000e+00
2.957196931741853940e-01 5.000000000000000000e+00
2.959086511047894774e-01 5.000000000000000000e+00
2.961054288882099539e-01 5.000000000000000000e+00
2.963110002905839924e-01 5.000000000000000000e+00
2.965246724064091732e-01 5.000000000000000000e+00
2.967433061916847636e-01 5.000000000000000000e+00
2.969617304625399301e-01 5.000000000000000000e+00
2.971746872114296445e-01 5.000000000000000000e+00
2.973788888900336658e-01 5.000000000000000000e+00
2.975736110886353925e-01 5.000000000000000000e+00
2.977599584481558925e-01 5.000000000000000000e+00
2.979397858001823218e-01 5.000000000000000000e+00
2.981147306569167932e-01 5.000000000000000000e+00
2.982853991590360132e-01 5.000000000000000000e+00
2.984515534058792552e-01 5.000000000000000000e+00
2.986141400524021661e-01 5.000000000000000000e+00
2.987767941076794331e-01 5.000000000000000000e+00
2.989432011246574983e-01 5.000000000000000000e+00
2.991144081288614753e-01 5.000000000000000000e+00
2.992902083115939749e-01 5.000000000000000000e+00
2.994710903567607829e-01 5.000000000000000000e+00
2.996584593149501652e-01 5.000000000000000000e+00
2.998539410881894685e-01 5.000000000000000000e+00
3.000585490987763837e-01 5.000000000000000000e+00
3.002716712920809328e-01 5.000000000000000000e+00
3.004902436597810533e-01 5.000000000000000000e+00
3.007091149333704916e-01 5.000000000000000000e+00
3.009229793662273611e-01 5.000000000000000000e+00
3.011284631262370337e-01 5.000000000000000000e+00
3.013247494245341329e-01 5.000000000000000000e+00
3.015128616027720199e-01 5.000000000000000000e+00
3.016946368774036102e-01 5.000000000000000000e+00
3.018719931850928906e-01 5.000000000000000000e+00
3.020465560495251833e-01 5.000000000000000000e+00
3.022195317951943960e-01 5.000000000000000000e+00
3.023917187114161242e-01 5.000000000000000000e+00
3.025641030936076503e-01 5.000000000000000000e+00
3.027376499309200053e-01 5.000000000000000000e+00
3.029130865976030207e-01 5.000000000000000000e+00
3.030914934307020747e-01 5.000000000000000000e+00
3.032743212593290161e-01 5.000000000000000000e+00
3.034632910023849495e-01 5.000000000000000000e+00
3.036600755130296481e-01 5.000000000000000000e+00
3.038656478377774195e-01 5.000000000000000000e+00
3.040793165905488205e-01 5.000000000000000000e+00
3.042979459925712060e-01 5.000000000000000000e+00
3.045163672934876886e-01 5.000000000000000000e+00
3.047293217844821989e-01 5.000000000000000000e+00
3.049335191751628704e-01 5.000000000000000000e+00
3.051282333076303921e-01 5.000000000000000000e+00
3.053145695622057065e-01 5.000000000000000000e+00
3.054943853208439419e-01 5.000000000000000000e+00
3.056693209068563899e-01 5.000000000000000000e+00
3.058399842071894414e-01 5.000000000000000000e+00
3.060061373734180301e-01 5.000000000000000000e+00
3.061687257700863030e-01 5.000000000000000000e+00
3.063313830413972871e-01 5.000000000000000000e+00
3.064977946612548743e-01 5.000000000000000000e+00
3.066690089280504350e-01 5.000000000000000000e+00
3.068448198885064260e-01 5.000000000000000000e+00
3.070257149641939520e-01 5.000000000000000000e+00
3.072130960353083862e-01 5.000000000000000000e+00
3.074085856475994305e-01 5.000000000000000000e+00
3.076131956429111747e-01 5.000000000000000000e+00
3.078263152299304806e-01 5.000000000000000000e+00
3.080448836423786974e-01 5.000000000000000000e+00
3.082637519857461816e-01 5.000000000000000000e+00
3.084776138172750093e-01 5.000000000000000000e+00
3.086830927340126207e-01 5.000000000000000000e+00
3.088793703119631084e-01 5.000000000000000000e+00
3.090674703734114237e-01 5.000000000000000000e+00
3.092492321106977138e-01 5.000000000000000000e+00
3.094265758792154042e-01 5.000000000000000000e+00
3.096011293173587808e-01 5.000000000000000000e+00
3.097741001972342256e-01 5.000000000000000000e+00
3.099462874982153449e-01 5.000000000000000000e+00
3.101186774284561687e-01 5.000000000000000000e+00
3.102922343577860786e-01 5.000000000000000000e+00
3.104676845763635895e-01 5.000000000000000000e+00
3.106461067156504052e-01 5.000000000000000000e+00
3.108289493519128532e-01 5.000000000000000000e+00
3.110179309113787482e-01 5.000000000000000000e+00
3.112147221523692830e-01 5.000000000000000000e+00
3.114202953990040101e-01 5.000000000000000000e+00
3.116339607817503188e-01 5.000000000000000000e+00
3.118525857873936102e-01 5.000000000000000000e+00
3.120710041050344108e-01 5.000000000000000000e+00
3.122839563319545486e-01 5.000000000000000000e+00
3.124881494376492985e-01 5.000000000000000000e+00
3.126828555122447839e-01 5.000000000000000000e+00
3.128691806703259859e-01 5.000000000000000000e+00
3.130489848410252240e-01 5.000000000000000000e+00
3.132239111585322644e-01 5.000000000000000000e+00
3.133945692580804021e-01 5.000000000000000000e+00
3.135607213457221043e-01 5.000000000000000000e+00
3.137233114961702762e-01 5.000000000000000000e+00
3.138859719875053411e-01 5.000000000000000000e+00
3.140523882125394461e-01 5.000000000000000000e+00
3.142236097412174356e-01 5.000000000000000000e+00
3.143994314765965470e-01 5.000000000000000000e+00
3.145803395804983582e-01 5.000000000000000000e+00
3.147677327646971057e-01 5.000000000000000000e+00
3.149632302182364674e-01 5.000000000000000000e+00
3.151678421992145096e-01 5.000000000000000000e+00
3.153809591752065322e-01 5.000000000000000000e+00
3.155995236210056842e-01 5.000000000000000000e+00
3.158183890216474943e-01 5.000000000000000000e+00
3.160322482457498250e-01 5.000000000000000000e+00
3.162377223218875710e-01 5.000000000000000000e+00
3.164339911877330769e-01 5.000000000000000000e+00
3.166220791415598756e-01 5.000000000000000000e+00
3.168038273483647638e-01 5.000000000000000000e+00
3.169811585810921040e-01 5.000000000000000000e+00
3.171557025932644214e-01 5.000000000000000000e+00
3.173286686058251482e-01 5.000000000000000000e+00
3.175008562894943154e-01 5.000000000000000000e+00
3.176732517660947330e-01 5.000000000000000000e+00
3.178468187866476113e-01 5.000000000000000000e+00
3.180222825575310108e-01 5.000000000000000000e+00
3.182007200048303508e-01 5.000000000000000000e+00
3.183835774519234163e-01 5.000000000000000000e+00
3.185725708317523885e-01 5.000000000000000000e+00
3.187693688062108177e-01 5.000000000000000000e+00
3.189749429742530507e-01 5.000000000000000000e+00
3.191886049800150005e-01 5.000000000000000000e+00
3.194072255761628565e-01 5.000000000000000000e+00
3.196256408971897556e-01 5.000000000000000000e+00
3.198385908538449729e-01 5.000000000000000000e+00
3.200427796774824585e-01 5.000000000000000000e+00
3.202374777024671326e-01 5.000000000000000000e+00
3.204237917725118456e-01 5.000000000000000000e+00
3.206035843607310531e-01 5.000000000000000000e+00
3.207785014119563516e-01 5.000000000000000000e+00
3.209491543117223844e-01 5.000000000000000000e+00
3.211153053228023579e-01 5.000000000000000000e+00
3.212778972306618575e-01 5.000000000000000000e+00
3.214405609460107560e-01 5.000000000000000000e+00
3.216069817785193186e-01 5.000000000000000000e+00
3.217782105683718585e-01 5.000000000000000000e+00
3.219540430758704441e-01 5.000000000000000000e+00
3.221349642056714480e-01 5.000000000000000000e+00
3.223223695031035008e-01 5.000000000000000000e+00
3.225178748000814277e-01 5.000000000000000000e+00
3.227224887676691245e-01 5.000000000000000000e+00
3.229356031279028705e-01 5.000000000000000000e+00
3.231541635956682312e-01 5.000000000000000000e+00
3.233730260410817015e-01 5.000000000000000000e+00
3.235868826516500318e-01 5.000000000000000000e+00
3.237923518898507269e-01 5.000000000000000000e+00
3.239886120518314927e-01 5.000000000000000000e+00
3.241766879072096597e-01 5.000000000000000000e+00
3.243584225904060925e-01 5.000000000000000000e+00
3.245357412907332040e-01 5.000000000000000000e+00
3.247102758772581477e-01 5.000000000000000000e+00
3.248832370209843723e-01 5.000000000000000000e+00
3.250554250852681903e-01 5.000000000000000000e+00
3.252278261065339460e-01 5.000000000000000000e+00
3.254014032175100990e-01 5.000000000000000000e+00
3.255768805411046740e-01 5.000000000000000000e+00
3.257553332982350280e-01 5.000000000000000000e+00
3.259382055593471050e-01 5.000000000000000000e+00
3.261272107634875517e-01 5.000000000000000000e+00
3.263240154745358779e-01 5.000000000000000000e+00
3.265295905635126061e-01 5.000000000000000000e+00
3.267432491853439758e-01 5.000000000000000000e+00
3.269618653588901025e-01 5.000000000000000000e+00
3.271802776699629933e-01 5.000000000000000000e+00
3.273932253501526390e-01 5.000000000000000000e+00
3.275974098946517477e-01 5.000000000000000000e+00
3.277920998782857809e-01 5.000000000000000000e+00
3.279784028687581232e-01 5.000000000000000000e+00
3.281581838799659812e-01 5.000000000000000000e+00
3.283330916671408639e-01 5.000000000000000000e+00
3.285037393681291551e-01 5.000000000000000000e+00
3.286698893046698378e-01 5.000000000000000000e+00
3.288324829735689292e-01 5.000000000000000000e+00
3.289951499169202487e-01 5.000000000000000000e+00
3.291615753592029847e-01 5.000000000000000000e+00
3.293328114095225856e-01 5.000000000000000000e+00
3.295086546863333354e-01 5.000000000000000000e+00
3.296895888397105567e-01 5.000000000000000000e+00
3.298770062505146372e-01 5.000000000000000000e+00
3.300725193931147716e-01 5.000000000000000000e+00
3.302771353482583661e-01 5.000000000000000000e+00
3.304902470880139997e-01 5.000000000000000000e+00
3.307088035663721115e-01 5.000000000000000000e+00
3.309276630440562972e-01 5.000000000000000000e+00
3.311415170349742421e-01 5.000000000000000000e+00
3.313469814378914302e-01 5.000000000000000000e+00
3.315432329042448112e-01 5.000000000000000000e+00
3.317312966703527266e-01 5.000000000000000000e+00
3.319130178368229767e-01 5.000000000000000000e+00
3.320903240081494179e-01 5.000000000000000000e+00
3.322648491693558914e-01 5.000000000000000000e+00
3.324378054427292728e-01 5.000000000000000000e+00
3.326099938855516802e-01 5.000000000000000000e+00
3.327824004497842436e-01 5.000000000000000000e+00
3.329559876503787597e-01 5.000000000000000000e+00
3.331314785270841350e-01 5.000000000000000000e+00
3.333099465958568874e-01 5.000000000000000000e+00
3.334928336741701527e-01 5.000000000000000000e+00
3.336818507065662520e-01 5.000000000000000000e+00
3.338786621573262003e-01 5.000000000000000000e+00
3.340842381667714633e-01 5.000000000000000000e+00
3.342978933977388545e-01 5.000000000000000000e+00
3.345165051355866170e-01 5.000000000000000000e+00
3.347349144233636720e-01 5.000000000000000000e+00
3.349478598208763813e-01 5.000000000000000000e+00
3.351520400891469520e-01 5.000000000000000000e+00
3.353467220396891268e-01 5.000000000000000000e+00
3.355330139590597671e-01 5.000000000000000000e+00
3.357127833987348375e-01 5.000000000000000000e+00
3.358876819240972922e-01 5.000000000000000000e+00
3.360583244273141479e-01 5.000000000000000000e+00
3.362244732913352574e-01 5.000000000000000000e+00
3.363870687248994296e-01 5.000000000000000000e+00
3.365497389002409245e-01 5.000000000000000000e+00
3.367161689545988823e-01 5.000000000000000000e+00
3.368874122646788316e-01 5.000000000000000000e+00
3.370632663079914382e-01 5.000000000000000000e+00
3.372442134826130755e-01 5.000000000000000000e+00
3.374316430069177475e-01 5.000000000000000000e+00
3.376271639973175143e-01 5.000000000000000000e+00
3.378317819409649148e-01 5.000000000000000000e+00
3.380448910555342024e-01 5.000000000000000000e+00
3.382634435331237643e-01 5.000000000000000000e+00
3.384823000305784424e-01 5.000000000000000000e+00
3.386961513957207348e-01 5.000000000000000000e+00
3.389016109659986897e-01 5.000000000000000000e+00
3.390978537449600982e-01 5.000000000000000000e+00
3.392859054309807498e-01 5.000000000000000000e+00
3.394676130876169706e-01 5.000000000000000000e+00
3.396449067333511262e-01 5.000000000000000000e+00
3.398194224695737509e-01 5.000000000000000000e+00
3.399923738710771137e-01 5.000000000000000000e+00
3.401645626903596065e-01 5.000000000000000000e+00
3.403369747958563951e-01 5.000000000000000000e+00
3.405105720852591999e-01 5.000000000000000000e+00
3.406860765154689497e-01 5.000000000000000000e+00
3.408645598976890456e-01 5.000000000000000000e+00
3.410474617963787924e-01 5.000000000000000000e+00
3.412364906609698934e-01 5.000000000000000000e+00
3.414333088545632999e-01 5.000000000000000000e+00
3.416388857840185200e-01 5.000000000000000000e+00
3.418525376172003027e-01 5.000000000000000000e+00
3.420711449062633358e-01 5.000000000000000000e+00
3.422895511574014504e-01 5.000000000000000000e+00
3.425024942660149230e-01 5.000000000000000000e+00
3.427066702609576354e-01 5.000000000000000000e+00
3.429013441866657907e-01 5.000000000000000000e+00
3.430876250434120034e-01 5.000000000000000000e+00
3.432673829170421187e-01 5.000000000000000000e+00
3.434422721828376823e-01 5.000000000000000000e+00
3.436129094892907410e-01 5.000000000000000000e+00
3.437790572828097191e-01 5.000000000000000000e+00
3.439416544846611301e-01 5.000000000000000000e+00
3.441043278959798335e-01 5.000000000000000000e+00
3.442707625647148384e-01 5.000000000000000000e+00
3.444420131338497559e-01 5.000000000000000000e+00
3.446178779408505255e-01 5.000000000000000000e+00
3.447988381343763398e-01 5.000000000000000000e+00
3.449862797722998420e-01 5.000000000000000000e+00
3.451818086126701712e-01 5.000000000000000000e+00
3.453864285457717287e-01 5.000000000000000000e+00
3.455995350304577607e-01 5.000000000000000000e+00
3.458180834959290184e-01 5.000000000000000000e+00
3.460369370006556866e-01 5.000000000000000000e+00
3.462507857338879003e-01 5.000000000000000000e+00
3.464562404741616253e-01 5.000000000000000000e+00
3.466524745739641422e-01 5.000000000000000000e+00
3.468405141890859023e-01 5.000000000000000000e+00
3.470222083427894066e-01 5.000000000000000000e+00
3.471994894663491538e-01 5.000000000000000000e+00
3.473739957779278242e-01 5.000000000000000000e+00
3.475469423060447149e-01 5.000000000000000000e+00
3.477191314997069016e-01 5.000000000000000000e+00
3.478915491447610586e-01 5.000000000000000000e+00
3.480651565221570820e-01 5.000000000000000000e+00
3.482406745062586739e-01 5.000000000000000000e+00
3.484191732037245637e-01 5.000000000000000000e+00
3.486020899259593131e-01 5.000000000000000000e+00
3.487911306266801570e-01 5.000000000000000000e+00
3.489879555662290800e-01 5.000000000000000000e+00
3.491935334152423964e-01 5.000000000000000000e+00
3.494071818437298749e-01 5.000000000000000000e+00
3.496257846709316941e-01 5.000000000000000000e+00
3.498441878720857101e-01 5.000000000000000000e+00
3.500571286855672093e-01 5.000000000000000000e+00
3.502613004100731953e-01 5.000000000000000000e+00
3.504559663192038377e-01 5.000000000000000000e+00
3.506422361218098360e-01 5.000000000000000000e+00
3.508219824348926541e-01 5.000000000000000000e+00
3.509968624433739692e-01 5.000000000000000000e+00
3.511674945540725346e-01 5.000000000000000000e+00
3.513336412791039365e-01 5.000000000000000000e+00
3.514962402528620244e-01 5.000000000000000000e+00
3.516589169041437479e-01 5.000000000000000000e+00
3.518253561895594572e-01 5.000000000000000000e+00
3.519966140170444624e-01 5.000000000000000000e+00
3.521724895849161485e-01 5.000000000000000000e+00
3.523534627949976850e-01 5.000000000000000000e+00
3.525409165466482642e-01 5.000000000000000000e+00
3.527364532391536467e-01 5.000000000000000000e+00
3.529410751626615994e-01 5.000000000000000000e+00
3.531541790127785685e-01 5.000000000000000000e+00
3.533727234547940910e-01 5.000000000000000000e+00
3.535915739542956904e-01 5.000000000000000000e+00
3.538054200494746837e-01 5.000000000000000000e+00
3.540108699623695232e-01 5.000000000000000000e+00
3.542070953912435649e-01 5.000000000000000000e+00
3.543951229446604123e-01 5.000000000000000000e+00
3.545768036023416170e-01 5.000000000000000000e+00
3.547540722071533814e-01 5.000000000000000000e+00
3.549285690944336547e-01 5.000000000000000000e+00
3.551015107476493404e-01 5.000000000000000000e+00
3.552737003136083316e-01 5.000000000000000000e+00
3.554461234965088368e-01 5.000000000000000000e+00
3.556197409610775129e-01 5.000000000000000000e+00
3.557952724994527527e-01 5.000000000000000000e+00
3.559737865139562807e-01 5.000000000000000000e+00
3.561567180628978369e-01 5.000000000000000000e+00
3.563457706036785577e-01 5.000000000000000000e+00
3.565426022923049443e-01 5.000000000000000000e+00
3.567481810604316017e-01 5.000000000000000000e+00
3.569618260773285701e-01 5.000000000000000000e+00
3.571804244296026276e-01 5.000000000000000000e+00
3.573988245674262210e-01 5.000000000000000000e+00
3.576117630795321856e-01 5.000000000000000000e+00
3.578159305364836951e-01 5.000000000000000000e+00
3.580105884372922209e-01 5.000000000000000000e+00
3.581968471942478249e-01 5.000000000000000000e+00
3.583765819522909957e-01 5.000000000000000000e+00
3.585514527057180878e-01 5.000000000000000000e+00
3.587220796216728513e-01 5.000000000000000000e+00
3.588882252802289008e-01 5.000000000000000000e+00
3.590508260295096621e-01 5.000000000000000000e+00
3.592135059247395512e-01 5.000000000000000000e+00
3.593799498291405659e-01 5.000000000000000000e+00
3.595512149142720548e-01 5.000000000000000000e+00
3.597271012401942469e-01 5.000000000000000000e+00
3.599080874644742800e-01 5.000000000000000000e+00
3.600955533299499689e-01 5.000000000000000000e+00
3.602910978767487893e-01 5.000000000000000000e+00
3.604957217916175960e-01 5.000000000000000000e+00
3.607088230024907971e-01 5.000000000000000000e+00
3.609273634097247552e-01 5.000000000000000000e+00
3.611462108915056146e-01 5.000000000000000000e+00
3.613600543424792533e-01 5.000000000000000000e+00
3.615654994306113923e-01 5.000000000000000000e+00
3.617617161967853767e-01 5.000000000000000000e+00
3.619497316976961199e-01 5.000000000000000000e+00
3.621313988662747119e-01 5.000000000000000000e+00
3.623086549557743563e-01 5.000000000000000000e+00
3.624831424191075069e-01 5.000000000000000000e+00
3.626560791959078101e-01 5.000000000000000000e+00
3.628282691320787179e-01 5.000000000000000000e+00
3.630006978511102766e-01 5.000000000000000000e+00
3.631743254020264322e-01 5.000000000000000000e+00
3.633498704950509639e-01 5.000000000000000000e+00
3.635283998283768692e-01 5.000000000000000000e+00
3.637113462071807635e-01 5.000000000000000000e+00
3.639004105919468879e-01 5.000000000000000000e+00
3.640972490327727962e-01 5.000000000000000000e+00
3.643028287195747006e-01 5.000000000000000000e+00
3.645164703179977206e-01 5.000000000000000000e+00
3.647350641822871831e-01 5.000000000000000000e+00
3.649534612434329195e-01 5.000000000000000000e+00
3.651663974479087416e-01 5.000000000000000000e+00
3.653705606401784767e-01 5.000000000000000000e+00
3.655652105409188946e-01 5.000000000000000000e+00
3.657514582607210296e-01 5.000000000000000000e+00
3.659311814692416953e-01 5.000000000000000000e+00
3.661060429698817509e-01 5.000000000000000000e+00
3.662766646921056246e-01 5.000000000000000000e+00
3.664428092861956032e-01 5.000000000000000000e+00
3.666054118146119811e-01 5.000000000000000000e+00
3.667680949577743488e-01 5.000000000000000000e+00
3.669345434834669351e-01 5.000000000000000000e+00
3.671058158255420256e-01 5.000000000000000000e+00
3.672817129066907604e-01 5.000000000000000000e+00
3.674627121428037935e-01 5.000000000000000000e+00
3.676501901221925772e-01 5.000000000000000000e+00
3.678457425254362811e-01 5.000000000000000000e+00
3.680503684326227876e-01 5.000000000000000000e+00
3.682634669995885623e-01 5.000000000000000000e+00
3.684820033607274503e-01 5.000000000000000000e+00
3.687008478122929533e-01 5.000000000000000000e+00
3.689146886128999436e-01 5.000000000000000000e+00
3.691201288788769075e-01 5.000000000000000000e+00
3.693163369905763660e-01 5.000000000000000000e+00
3.695043404481850868e-01 5.000000000000000000e+00
3.696859941345899681e-01 5.000000000000000000e+00
3.698632377122226256e-01 5.000000000000000000e+00
3.700377157519658122e-01 5.000000000000000000e+00
3.702106476508378874e-01 5.000000000000000000e+00
3.703828379551330485e-01 5.000000000000000000e+00
3.705552722085761475e-01 5.000000000000000000e+00
3.707289098450091691e-01 5.000000000000000000e+00
3.709044684930528080e-01 5.000000000000000000e+00
3.710830131469791682e-01 5.000000000000000000e+00
3.712659743587944372e-01 5.000000000000000000e+00
3.714550505914666623e-01 5.000000000000000000e+00
3.716518957876143170e-01 5.000000000000000000e+00
3.718574763926607019e-01 5.000000000000000000e+00
3.720711145657383812e-01 5.000000000000000000e+00
3.722897039289965182e-01 5.000000000000000000e+00
3.725080979001150205e-01 5.000000000000000000e+00
3.727210317906958781e-01 5.000000000000000000e+00
3.729251907211472705e-01 5.000000000000000000e+00
3.731198326300725898e-01 5.000000000000000000e+00
3.733060693212242875e-01 5.000000000000000000e+00
3.734857809857493049e-01 5.000000000000000000e+00
3.736606332358769489e-01 5.000000000000000000e+00
3.738312497653839550e-01 5.000000000000000000e+00
3.739973932970149240e-01 5.000000000000000000e+00
3.741599976081771417e-01 5.000000000000000000e+00
3.743226840032548575e-01 5.000000000000000000e+00
3.744891371525468360e-01 5.000000000000000000e+00
3.746604167508634786e-01 5.000000000000000000e+00
3.748363245844115177e-01 5.000000000000000000e+00
3.750173368299835053e-01 5.000000000000000000e+00
3.752048269233629885e-01 5.000000000000000000e+00
3.754003871851966934e-01 5.000000000000000000e+00
3.756050150856596881e-01 5.000000000000000000e+00
3.758181110040659800e-01 5.000000000000000000e+00
3.760366433078078940e-01 5.000000000000000000e+00
3.762554847166649230e-01 5.000000000000000000e+00
3.764693228607355335e-01 5.000000000000000000e+00
3.766747583071547445e-01 5.000000000000000000e+00
3.768709577726032656e-01 5.000000000000000000e+00
3.770589491961188755e-01 5.000000000000000000e+00
3.772405894072887178e-01 5.000000000000000000e+00
3.774178204765083477e-01 5.000000000000000000e+00
3.775922890930240583e-01 5.000000000000000000e+00
3.777652161124563923e-01 5.000000000000000000e+00
3.779374067827860895e-01 5.000000000000000000e+00
