0.000000000000000000e+00 1.000000000000000000e+00
4.999999999999998890e-02 1.000000000000000000e+00
9.999999999999997780e-02 1.000000000000000000e+00
1.499999999999999944e-01 1.000000000000000000e+00
1.999999999999999556e-01 1.000000000000000000e+00
2.499999999999999722e-01 1.000000000000000000e+00
2.999999999999999889e-01 1.000000000000000000e+00
3.499999999999999223e-01 1.000000000000000000e+00
3.999999999999999667e-01 1.000000000000000000e+00
4.499999999999999001e-01 1.000000000000000000e+00
5.000000000000000000e-01 1.000000000000000000e+00
5.499999999999998224e-01 1.000000000000000000e+00
6.000000000000000888e-01 1.000000000000000000e+00
6.499999999999996891e-01 1.000000000000000000e+00
6.999999999999999556e-01 1.000000000000000000e+00
7.499999999999997780e-01 1.000000000000000000e+00
7.999999999999998224e-01 1.000000000000000000e+00
8.499999999999996447e-01 1.000000000000000000e+00
8.999999999999996891e-01 1.000000000000000000e+00
9.499999999999999556e-01 1.000000000000000000e+00
9.999999999999997780e-01 1.000000000000000000e+00
1.050000000072104367e+00 1.000000007819890291e+00
1.100000001293459206e+00 1.000000125086728531e+00
1.150000008210962266e+00 1.000000632985445392e+00
1.200000032041560916e+00 1.000001999367830630e+00
1.250000093782187571e+00 1.000004877563711814e+00
1.300000227153075505e+00 1.000010104708288106e+00
1.350000481372759742e+00 1.000018699577406744e+00
1.400000923763106364e+00 1.000031859920426092e+00
1.450001642182676020e+00 1.000050959278332208e+00
1.500002747286731664e+00 1.000077543273035552e+00
1.550004374612108160e+00 1.000113325352286475e+00
1.600006686485144547e+00 1.000160181973492879e+00
1.650009873750743372e+00 1.000220147208909172e+00
1.700014157320587360e+00 1.000295406754245997e+00
1.750019789538377779e+00 1.000388291322755974e+00
1.800027055359931127e+00 1.000501269407307880e+00
1.850036273345798232e+00 1.000636939393900970e+00
1.900047796464034766e+00 1.000798021011505945e+00
1.950062012700624514e+00 1.000987346105071341e+00
2.000079345475031634e+00 1.001207848721011873e+00
2.050100253858283761e+00 1.001462554497503765e+00
2.100125232590972946e+00 1.001754569355451707e+00
2.150154811898622675e+00 1.002087067490056604e+00
2.200189557101834392e+00 1.002463278667494295e+00
2.250230068018834295e+00 1.002886474836286013e+00
2.300276978158075636e+00 1.003359956068495817e+00
2.350330953698848813e+00 1.003887035851878107e+00
2.400392692258012328e+00 1.004471025760497183e+00
2.450462921441387998e+00 1.005115219538118998e+00
2.500542397178628917e+00 1.005822876635746876e+00
2.550631901840958005e+00 1.006597205252037108e+00
2.600732242141617689e+00 1.007441344932887395e+00
2.650844246819572980e+00 1.008358348794183623e+00
2.700968764107685161e+00 1.009351165439471787e+00
2.751106658987405140e+00 1.010422620652071224e+00
2.801258810232978291e+00 1.011575398948827642e+00
2.851426107249097619e+00 1.012812025090195078e+00
2.901609446707147377e+00 1.014134845648563044e+00
2.951809728986376058e+00 1.015546010743610950e+00
3.002027854427657516e+00 1.017047456059862132e+00
3.052264716431917435e+00 1.018640885170275956e+00
3.102521164738289983e+00 1.020327751333090838e+00
3.152797969776251819e+00 1.022109239624862553e+00
3.203095817926125743e+00 1.023986250692732858e+00
3.253415309871792616e+00 1.025959385560087034e+00
3.303756958997388526e+00 1.028028931552424030e+00
3.354121189868393582e+00 1.030194849500172039e+00
3.404508336842762883e+00 1.032456762374009962e+00
3.454918642862226275e+00 1.034813945505209443e+00
3.505352258477813621e+00 1.037265318538500125e+00
3.555809241166579149e+00 1.039809439257832091e+00
3.606289554998763691e+00 1.042444499416112835e+00
3.656793070715625316e+00 1.045168322688422524e+00
3.707319566278368228e+00 1.047978364854363464e+00
3.757868727947339504e+00 1.050871716299070391e+00
3.808440151948416563e+00 1.053845106904047757e+00
3.859033346779741525e+00 1.056894913378516154e+00
3.909647736206905311e+00 1.060017169059494391e+00
3.960282662988240610e+00 1.063207576184630021e+00
4.010937393363906089e+00 1.066461520616080128e+00
4.061611122333170343e+00 1.069774088966874981e+00
4.112302979733440722e+00 1.073140088053539554e+00
4.163012037122705067e+00 1.076554066570745372e+00
4.213737315453442100e+00 1.080010338855880603e+00
4.264477793512006620e+00 1.083503010584199622e+00
4.315232417081774408e+00 1.087026006209125262e+00
4.366000108772636779e+00 1.090573097937978186e+00
4.416779778442617044e+00 1.094137936011293499e+00
4.467570334120988029e+00 1.097714080034633666e+00
4.518370693325508114e+00 1.101295031095794519e+00
4.569179794650630733e+00 1.104874264387987859e+00
4.619996609488350003e+00 1.108445262051369617e+00
4.670820153729620117e+00 1.112001545941355474e+00
4.721649499282294826e+00 1.115536710032791090e+00
4.772483785231663056e+00 1.119044452174192905e+00
4.823322228462398442e+00 1.122518604915971441e+00
4.874164133556267764e+00 1.125953165150546331e+00
4.925008901779090564e+00 1.129342322320332936e+00
4.975856038972803042e+00 1.132680484971255730e+00
5.026705162175018948e+00 1.135962305454269794e+00
5.077556000876155551e+00 1.139182702358809918e+00
5.128408357872904055e+00 1.142336878434082825e+00
5.179262071103444498e+00 1.145420336771822090e+00
5.230117015280273840e+00 1.148428897485261446e+00
5.280973106085768087e+00 1.151358712312634092e+00
5.331830302775304453e+00 1.154206276824606414e+00
5.382688609151431436e+00 1.156968440209941162e+00
5.433548072906330795e+00 1.159642412641171960e+00
5.484408783365057438e+00 1.162225770247713674e+00
5.535270867698067754e+00 1.164716457747196232e+00
5.586134485707382247e+00 1.167112788806547341e+00
5.636999823326023673e+00 1.169413444222205722e+00
5.687867085003285972e+00 1.171617468023715913e+00
5.738736485179170010e+00 1.173724261616815090e+00
5.789608239077847607e+00 1.175733576091061439e+00
5.840482553072194882e+00 1.177645502823264856e+00
5.891359614888448171e+00 1.179460462511740859e+00
5.942239583930329694e+00 1.181179192778013975e+00
5.993122582006409793e+00 1.182802734472444550e+00
6.044008684741061899e+00 1.184332416818709266e+00
6.094897913939185230e+00 1.185769841529508595e+00
6.145790231157160832e+00 1.187116866022675188e+00
6.196685532707571831e+00 1.188375585863309158e+00
6.247583646293787041e+00 1.189548316553947549e+00
6.298484329432960216e+00 1.190637574791271414e+00
6.349387269782895693e+00 1.191646059304577898e+00
6.400292087441461497e+00 1.192576631388267971e+00
6.451198339236847268e+00 1.193432295237871976e+00
6.502105524975181794e+00 1.194216178196602973e+00
6.553013095559754753e+00 1.194931511016938064e+00
6.603920462844686590e+00 1.195581608239120408e+00
6.654827011037336426e+00 1.196169848785572754e+00
6.705732109418344855e+00 1.196699656866795136e+00
6.756635126108611722e+00 1.197174483290253999e+00
6.807535442578317664e+00 1.197597787258860347e+00
6.858432468566830309e+00 1.197973018739812545e+00
6.909325657063059012e+00 1.198303601477747948e+00
6.960214518985970322e+00 1.198592916718362877e+00
7.011098637202816342e+00 1.198844287699905475e+00
7.061977679530254015e+00 1.199060964960414921e+00
7.112851406479768102e+00 1.199246112485319760e+00
7.163719638911017817e+00 1.199402794639574221e+00
7.214582227091314692e+00 1.199533964121247021e+00
7.265439059274960698e+00 1.199642450958370299e+00
7.316290072273119449e+00 1.199730952341004464e+00
7.367135259752825682e+00 1.199802023270958529e+00
7.417974678144677370e+00 1.199858068021900870e+00
7.468808450093845863e+00 1.199901332394917697e+00
7.519636765446142235e+00 1.199933896747915174e+00
7.570459879817196480e+00 1.199957669771817725e+00
7.621278110847770293e+00 1.199974382982458732e+00
7.672091832300818481e+00 1.199985585894465245e+00
7.722901466203857979e+00 1.199992641842367203e+00
7.773707473284051872e+00 1.199996724414590599e+00
7.824510341980363215e+00 1.199998814467855723e+00
7.875310576347450464e+00 1.199999697692673895e+00
7.926108683189243109e+00 1.199999962704958678e+00
7.976905158773910820e+00 1.199999999644033366e+00
8.027700475496862609e+00 1.199999999999999956e+00
8.078495069328678113e+00 1.199999999999999956e+00
8.129289329679043163e+00 1.199999999999999956e+00
8.180083591843491320e+00 1.199999999999999956e+00
8.230878130965210815e+00 1.199999999999999956e+00
8.281673157364318527e+00 1.199999999999999956e+00
8.332468813441495925e+00 1.199999999999999956e+00
8.383265172319596559e+00 1.199999999999999956e+00
8.434062238335666706e+00 1.199999999999999956e+00
8.484859949440986426e+00 1.199999999999999956e+00
8.535658181511035281e+00 1.199999999999999956e+00
8.586456754510878753e+00 1.199999999999999956e+00
8.637255440406601537e+00 1.199999999999999956e+00
8.688053972661339941e+00 1.199999999999999956e+00
8.738852057106074156e+00 1.199999999999999956e+00
8.789649383932863103e+00 1.199999999999999956e+00
8.840445640521334525e+00 1.199999999999999956e+00
8.891240524780460674e+00 1.199999999999999956e+00
8.942033758666187993e+00 1.199999999999999956e+00
8.992825101523170161e+00 1.199999999999999956e+00
9.043614362894910386e+00 1.199999999999999956e+00
9.094401414451823484e+00 1.199999999999999956e+00
9.145186196889623531e+00 1.199999999999999956e+00
9.195968687760572635e+00 1.199999999999999956e+00
9.246748870874627713e+00 1.199999999999999956e+00
9.297526744484846617e+00 1.199999999999999956e+00
9.348302331494709350e+00 1.199999999999999956e+00
9.399075687510626054e+00 1.199999999999999956e+00
9.449846906616009790e+00 1.199999999999999956e+00
9.500616124797540252e+00 1.199999999999999956e+00
9.551383521010766486e+00 1.199999999999999956e+00
9.602149315927784201e+00 1.199999999999999956e+00
9.652913768464594924e+00 1.199999999999999956e+00
9.703677170238387717e+00 1.199999999999999956e+00
9.754439838153178499e+00 1.199999999999999956e+00
9.805202105356620734e+00 1.199999999999999956e+00
9.855964310848644772e+00 1.199999999999999956e+00
9.906726788053498822e+00 1.199999999999999956e+00
9.957489852691535859e+00 1.199999999999999956e+00
1.000825379030153961e+01 1.199999999999999956e+00
1.005901884392590695e+01 1.199999999999999956e+00
1.010978521113796980e+01 1.199999999999999956e+00
1.016055305805801012e+01 1.199999999999999956e+00
1.021132251807943803e+01 1.199999999999999956e+00
1.026209368475785944e+01 1.199999999999999956e+00
1.031286660601360694e+01 1.199999999999999956e+00
1.036364127993024020e+01 1.199999999999999956e+00
1.041441765231279248e+01 1.199999999999999956e+00
1.046519561611779636e+01 1.199999999999999956e+00
1.051597501281174729e+01 1.199999999999999956e+00
1.056675563565853970e+01 1.199999999999999956e+00
1.061753723488037338e+01 1.199999999999999956e+00
1.066831952458058197e+01 1.199999999999999956e+00
1.071910219126617569e+01 1.199999999999999956e+00
1.076988490375837593e+01 1.199999999999999956e+00
1.082066732423826494e+01 1.199999999999999956e+00
1.087144912013718745e+01 1.199999999999999956e+00
1.092222997655377981e+01 1.199999999999999956e+00
1.097300960885794829e+01 1.199999999999999956e+00
1.102378777513050245e+01 1.199999999999999956e+00
1.107456428808308146e+01 1.199999999999999956e+00
1.112533902610894110e+01 1.199999999999999956e+00
