0.000000000000000000e+00 1.000000000000000000e+00
4.999999999999998890e-02 1.000000000000000000e+00
9.999999999999997780e-02 1.000000000000000000e+00
1.499999999999999944e-01 1.000000000000000000e+00
1.999999999999999556e-01 1.000000000000000000e+00
2.499999999999999722e-01 1.000000000000000000e+00
2.999999999999999889e-01 1.000000000000000000e+00
3.499999999999999223e-01 1.000000000000000000e+00
3.999999999999999667e-01 1.000000000000000000e+00
4.499999999999999001e-01 1.000000000000000000e+00
5.000000000000000000e-01 1.000000000000000000e+00
5.499999999999998224e-01 1.000000000000000000e+00
6.000000000000000888e-01 1.000000000000000000e+00
6.499999999999996891e-01 1.000000000000000000e+00
6.999999999999999556e-01 1.000000000000000000e+00
7.499999999999997780e-01 1.000000000000000000e+00
7.999999999999998224e-01 1.000000000000000000e+00
8.499999999999996447e-01 1.000000000000000000e+00
8.999999999999996891e-01 1.000000000000000000e+00
9.499999999999999556e-01 1.000000000000000000e+00
9.999999999999997780e-01 1.000000000000000000e+00
1.050000000036052095e+00 1.000000003909945256e+00
1.100000000646729426e+00 1.000000062543362711e+00
1.150000004105479867e+00 1.000000316492688057e+00
1.200000016020770000e+00 1.000000999683595237e+00
1.250000046891023731e+00 1.000002438780028147e+00
1.300000113576202265e+00 1.000005052346504719e+00
1.350000240685105046e+00 1.000009349763038458e+00
1.400000461877480396e+00 1.000015929886836741e+00
1.450000821079964419e+00 1.000025479453847455e+00
1.500001373614837652e+00 1.000038771212290012e+00
1.550002187240493434e+00 1.000056661779507916e+00
1.600003343102478492e+00 1.000080089212889600e+00
1.650004936593841620e+00 1.000110070285200603e+00
1.700007078123487059e+00 1.000147697454496498e+00
1.750009893791107940e+00 1.000194135518859495e+00
1.800013525967245176e+00 1.000250617946524478e+00
1.850018133776896834e+00 1.000318442872562663e+00
1.900023893485099480e+00 1.000398968754167450e+00
1.950030998782821712e+00 1.000493609677758799e+00
2.000039660971505651e+00 1.000603830312583931e+00
2.050050109044608160e+00 1.000731140507248984e+00
2.100062589664480672e+00 1.000877089527670849e+00
2.150077367033042197e+00 1.001043259937268948e+00
2.200094722654720947e+00 1.001231261122840221e+00
2.250114954990338756e+00 1.001442722472435154e+00
2.300138379000717936e+00 1.001679286214682607e+00
2.350165325579029574e+00 1.001942599932366118e+00
2.400196140871128758e+00 1.002234308766608573e+00
2.450231185483458862e+00 1.002556047331753852e+00
2.500270833578364105e+00 1.002909431364901405e+00
2.550315471857136806e+00 1.003296049138024504e+00
2.600365498431481459e+00 1.003717452664640630e+00
2.650421321584591983e+00 1.004175148737056933e+00
2.700483358423579894e+00 1.004670589834252947e+00
2.750552033425527565e+00 1.005205164944414031e+00
2.800627776880120212e+00 1.005780190349961023e+00
2.850711023232398666e+00 1.006396900426575813e+00
2.900802209329958359e+00 1.007056438511134244e+00
2.950901772579592741e+00 1.007759847896581462e+00
3.001010149019202711e+00 1.008508063014564193e+00
3.051127769823380298e+00 1.009301900844748134e+00
3.101255042913869886e+00 1.010142052376555410e+00
3.151392335109348242e+00 1.011029074372561620e+00
3.201539969725038848e+00 1.011963381787494010e+00
3.251698225721502578e+00 1.012945240734935748e+00
3.301867336877363002e+00 1.013974762050930956e+00
3.352047491003140145e+00 1.015051895524927472e+00
3.402238829215300964e+00 1.016176424866607420e+00
3.452441445291030142e+00 1.017347963474405370e+00
3.502655385125582388e+00 1.018565951067904374e+00
3.552880646315002444e+00 1.019829651241796142e+00
3.603117177887657618e+00 1.021138149993694233e+00
3.653364880208274101e+00 1.022490355271832074e+00
3.703623605078106173e+00 1.023884997581551604e+00
3.753893156054322944e+00 1.025320631681572836e+00
3.804173289010755354e+00 1.026795639392344750e+00
3.854463712960797039e+00 1.028308233529437787e+00
3.904764091161318174e+00 1.029856462964977348e+00
3.955074042514259869e+00 1.031438218809693108e+00
4.005393143279716739e+00 1.033051241697358513e+00
4.055720929111144457e+00 1.034693130142366080e+00
4.106056897419622764e+00 1.036361349930056797e+00
4.156400510070117349e+00 1.038053244488390314e+00
4.206751196408159643e+00 1.039766046178709713e+00
4.257108356610629585e+00 1.041496888432954515e+00
4.307471365349315739e+00 1.043242818654831261e+00
4.357839575750563910e+00 1.045000811793353801e+00
4.408212323629117080e+00 1.046767784488970232e+00
4.458588931968639812e+00 1.048540609685359337e+00
4.508968715616128442e+00 1.050316131594030145e+00
4.559350986152177043e+00 1.052091180894238365e+00
4.609735056894043836e+00 1.053862590047522474e+00
4.660120247983858377e+00 1.055627208604436928e+00
4.710505891510179843e+00 1.057381918380887909e+00
4.760891336607540936e+00 1.059123648382850780e+00
4.811275954475798144e+00 1.060849389361168127e+00
4.861659143258978411e+00 1.062556207882560999e+00
4.912040332722231284e+00 1.064241259808833995e+00
4.962418988665264763e+00 1.065901803083446175e+00
5.012794617011513409e+00 1.067535209732991097e+00
5.063166765514810486e+00 1.069138976937526131e+00
5.113535005172747283e+00 1.070710736554939979e+00
5.163898912195333146e+00 1.072248263767100473e+00
5.214258070413070101e+00 1.073749485396741088e+00
5.264612075311367434e+00 1.075212487218017987e+00
5.314960537583781175e+00 1.076635520158428561e+00
5.365303086176925973e+00 1.078017005369338310e+00
5.415639370809102182e+00 1.079355538154021410e+00
5.465969063953783902e+00 1.080649890753469178e+00
5.516291862288912995e+00 1.081899014001092896e+00
5.566607487622633244e+00 1.083102037867690992e+00
5.616915687316041961e+00 1.084258270927542345e+00
5.667216234232761884e+00 1.085367198785104570e+00
5.717508926254403434e+00 1.086428481509489119e+00
5.767793585409059176e+00 1.087441950130568991e+00
5.818070056667511203e+00 1.088407602256240114e+00
5.868338206468053819e+00 1.089325596874996416e+00
5.918597921035759768e+00 1.090196248411583468e+00
5.968849104565741470e+00 1.091020020106156396e+00
6.019091677341790181e+00 1.091797516789051903e+00
6.069325573862171197e+00 1.092529477124139170e+00
6.119550741043012110e+00 1.093216765393748569e+00
6.169767136566596477e+00 1.093860362897499883e+00
6.219974727437248774e+00 1.094461359036033032e+00
6.270173488800893757e+00 1.095020942148758225e+00
6.320363403076915354e+00 1.095540390172383027e+00
6.370544459441445539e+00 1.096021061184188072e+00
6.420716653691345144e+00 1.096464383890905170e+00
6.470879988506749392e+00 1.096871848120639870e+00
6.521034474118495794e+00 1.097244995371646326e+00
6.571180129374773138e+00 1.097585409467936257e+00
6.621316983189165839e+00 1.097894707367750744e+00
6.671445076340552838e+00 1.098174530166850849e+00
6.721564463584153160e+00 1.098426534334456584e+00
6.771675216022621235e+00 1.098652383215480866e+00
6.821777423676882890e+00 1.098853738828525550e+00
6.871871198188546970e+00 1.099032253984932650e+00
6.921956675579457929e+00 1.099189564750058690e+00
6.972034018989347715e+00 1.099327283263885624e+00
7.022103421309936699e+00 1.099446990934139334e+00
7.072165105548403830e+00 1.099550232007283412e+00
7.122219304256985239e+00 1.099638507497067152e+00
7.172266239832076451e+00 1.099713269538563409e+00
7.222306126307741714e+00 1.099775916175445678e+00
7.272339172935113005e+00 1.099827786516424988e+00
7.322365587322426705e+00 1.099870156252223286e+00
7.372385578084525548e+00 1.099904233527840169e+00
7.422399356962651851e+00 1.099931155162963581e+00
7.472407140387169910e+00 1.099951983211779449e+00
7.522409150468996053e+00 1.099967701852149204e+00
7.572405615418292157e+00 1.099979214593194143e+00
7.622396769402400629e+00 1.099987341789722572e+00
7.672382851867334708e+00 1.099992818451704713e+00
7.722364106359613345e+00 1.099996292337098502e+00
7.772340778896220215e+00 1.099998322316768640e+00
7.822313115940688455e+00 1.099999377000991707e+00
7.872281362051857911e+00 1.099999833618072964e+00
7.922245757279159584e+00 1.099999977136889795e+00
7.972206534383319720e+00 1.099999999626675384e+00
8.022163915966753933e+00 1.100000000000000089e+00
8.072118111759708725e+00 1.100000000000000089e+00
8.122069316696869379e+00 1.100000000000000089e+00
8.172017709880700309e+00 1.100000000000000089e+00
8.221963453922658260e+00 1.100000000000000089e+00
8.271906694512631830e+00 1.100000000000000089e+00
8.321847560272274791e+00 1.100000000000000089e+00
8.371786162942228771e+00 1.100000000000000089e+00
8.421722597942258304e+00 1.100000000000000089e+00
8.471656945331625721e+00 1.100000000000000089e+00
8.521589271184248915e+00 1.100000000000000089e+00
8.571519629380334848e+00 1.100000000000000089e+00
8.621448063802978012e+00 1.100000000000000089e+00
8.671374610915364656e+00 1.100000000000000089e+00
8.721299302681915222e+00 1.100000000000000089e+00
8.771222169785163558e+00 1.100000000000000089e+00
8.821143245080067530e+00 1.100000000000000089e+00
8.871062567218261918e+00 1.100000000000000089e+00
8.920980184367712340e+00 1.100000000000000089e+00
8.970896157947624516e+00 1.100000000000000089e+00
9.020810566295047295e+00 1.100000000000000089e+00
9.070723506082375209e+00 1.100000000000000089e+00
9.120635072718807024e+00 1.100000000000000089e+00
9.170545341643032700e+00 1.100000000000000089e+00
9.220454371242109204e+00 1.100000000000000089e+00
9.270362207586165582e+00 1.100000000000000089e+00
9.320268888738141300e+00 1.100000000000000089e+00
9.370174448582632820e+00 1.100000000000000089e+00
9.420078920129595801e+00 1.100000000000000089e+00
9.469982338260500399e+00 1.100000000000000089e+00
9.519884741897653768e+00 1.100000000000000089e+00
9.569786175590163424e+00 1.100000000000000089e+00
9.619686690523776562e+00 1.100000000000000089e+00
9.669586344974035796e+00 1.100000000000000089e+00
9.719485204235322584e+00 1.100000000000000089e+00
9.769383340069351718e+00 1.100000000000000089e+00
9.819280829727395243e+00 1.100000000000000089e+00
9.869177754609388842e+00 1.100000000000000089e+00
9.919074198630760009e+00 1.100000000000000089e+00
9.968970246373393351e+00 1.100000000000000089e+00
1.001886598109137161e+01 1.100000000000000089e+00
1.006876148161872919e+01 1.100000000000000089e+00
1.011865681692961161e+01 1.100000000000000089e+00
1.016855204373514354e+01 1.100000000000000089e+00
1.021844720581741051e+01 1.100000000000000089e+00
1.026834233360820825e+01 1.100000000000000089e+00
1.031823744404356269e+01 1.100000000000000089e+00
1.036813254074457014e+01 1.100000000000000089e+00
1.041802761456392545e+01 1.100000000000000089e+00
1.046792264452605536e+01 1.100000000000000089e+00
1.051781759917622949e+01 1.100000000000000089e+00
1.056771243834082341e+01 1.100000000000000089e+00
1.061760711528829404e+01 1.100000000000000089e+00
1.066750157926685816e+01 1.100000000000000089e+00
1.071739577838330604e+01 1.100000000000000089e+00
1.076728966277515021e+01 1.100000000000000089e+00
1.081718318801855006e+01 1.100000000000000089e+00
1.086707631870507385e+01 1.100000000000000089e+00
1.091696903211327552e+01 1.100000000000000089e+00
1.096686132189525154e+01 1.100000000000000089e+00
1.101675320169511352e+01 1.100000000000000089e+00
