1.944444444444444198e-01 0.000000000000000000e+00
3.194444444444444198e-01 0.000000000000000000e+00
4.444444444444444198e-01 0.000000000000000000e+00
5.694444444444444198e-01 0.000000000000000000e+00
6.944444444444443088e-01 0.000000000000000000e+00
8.194444444444443088e-01 0.000000000000000000e+00
9.444444444444443088e-01 0.000000000000000000e+00
1.069444444444444420e+00 0.000000000000000000e+00
1.194444444444444198e+00 0.000000000000000000e+00
1.319444444444444198e+00 0.000000000000000000e+00
1.444444444444444198e+00 0.000000000000000000e+00
1.569444444444444198e+00 0.000000000000000000e+00
1.694444444444444198e+00 0.000000000000000000e+00
1.819444444444444198e+00 0.000000000000000000e+00
1.944444444444444198e+00 0.000000000000000000e+00
2.069444444452248622e+00 -7.126003167578626162e-13
2.172898113069837045e+00 2.188792313183950729e-03
2.301307488309815685e+00 3.444243574790918465e-03
2.427142823500467728e+00 4.488073265545404651e-03
2.552053427001826247e+00 5.371253111441448395e-03
2.676625533604457541e+00 6.124228773673828785e-03
2.801079930746486646e+00 6.768832450326195405e-03
2.925503024438896205e+00 7.322146059352891388e-03
3.049929481273840892e+00 7.798045096651952911e-03
3.174373197120659462e+00 8.207986498233326572e-03
3.298839382811193932e+00 8.561508588628590974e-03
3.423329485036199493e+00 8.866594494570041382e-03
3.547843282875073445e+00 9.129954178757150596e-03
3.672379822668744076e+00 9.357249496758267976e-03
3.796937852334422825e+00 9.553275918424256746e-03
3.921516029337475118e+00 9.722110101003258661e-03
4.046113021484594618e+00 9.867230173413255381e-03
4.149544019895373026e+00 9.972620432257267922e-03
4.277806730405334434e+00 1.008584656332532983e-02
4.403518733396135865e+00 1.018110791798121709e-02
4.528324064106154623e+00 1.026242399006570619e-02
4.652805827365427582e+00 1.033219676774245303e-02
4.777182555439567935e+00 1.039217833113135168e-02
4.901538858363935880e+00 1.044377739711708185e-02
5.025907902780000214e+00 1.048817453532882756e-02
5.150302303103939217e+00 1.052637578565725901e-02
5.274726162734769908e+00 1.055924419452696286e-02
5.399179965241597934e+00 1.058752210717896561e-02
5.523662648907691874e+00 1.061184869832939616e-02
5.648172524284903240e+00 1.063277448575602156e-02
5.772707694349677787e+00 1.065077362498865338e-02
5.897266250634347173e+00 1.066625442989744925e-02
6.021846363974955096e+00 1.067956841574917506e-02
6.125265151759324844e+00 1.068922050655662578e-02
6.253514760196663858e+00 1.069958393165927439e-02
6.379215759693687815e+00 1.070829702169444689e-02
6.504011711435616405e+00 1.071573012946538950e-02
6.628485437165715588e+00 1.072210471333957978e-02
6.752855263090595805e+00 1.072758223495829527e-02
6.877205634034933901e+00 1.073229237894078765e-02
7.001569578589587728e+00 1.073634369797261262e-02
7.125959593854697793e+00 1.073982858851312526e-02
7.250379682846510576e+00 1.074282622646740258e-02
7.374830242994827145e+00 1.074540464433801530e-02
7.499310138575858709e+00 1.074762236407972998e-02
7.623817616523295371e+00 1.074952974783266978e-02
7.748350725110835668e+00 1.075117014116845279e-02
7.872907508824715350e+00 1.075258085056272732e-02
7.997486098030824664e+00 1.075379398288349789e-02
8.100903781244301882e+00 1.075467351669360389e-02
8.229152203709288571e+00 1.075561756717295994e-02
8.354852206359964839e+00 1.075641128171366846e-02
8.479647307827294256e+00 1.075708837156071594e-02
8.604120304451118528e+00 1.075766901396731957e-02
8.728489503931003313e+00 1.075816792507046545e-02
8.852839336232841916e+00 1.075859692521691051e-02
8.977202817513454391e+00 1.075896590788233756e-02
9.101592434292056666e+00 1.075928329317684014e-02
9.226012180519861161e+00 1.075955629567086277e-02
9.350462445838916281e+00 1.075979111396389333e-02
9.474942087827466608e+00 1.075999307969632834e-02
9.599449347655900411e+00 1.076016678078915365e-02
9.723982268638172499e+00 1.076031616572656682e-02
9.848538890992172057e+00 1.076044463269718553e-02
9.973117341410608461e+00 1.076055510613603203e-02
1.007653492416747376e+01 1.076063533360224062e-02
