1.296296296814483384e-01 0.000000000000000000e+00
2.129630018184772711e-01 0.000000000000000000e+00
2.963037292027762559e-01 0.000000000000000000e+00
3.800051027390983771e-01 0.000000000000000000e+00
4.686897564053889020e-01 0.000000000000000000e+00
5.776231035363860178e-01 0.000000000000000000e+00
6.864258525499628005e-01 0.000000000000000000e+00
7.749438112694040370e-01 0.000000000000000000e+00
8.585804502157230456e-01 0.000000000000000000e+00
9.419482824338352156e-01 0.000000000000000000e+00
1.025333047811163079e+00 0.000000000000000000e+00
1.108688743524331111e+00 0.000000000000000000e+00
1.191998861098380491e+00 0.000000000000000000e+00
1.275280820796336423e+00 1.529207460531802680e-09
1.358594761538268303e+00 3.975122579287733857e-08
1.442358867386415167e+00 2.473228398267890671e-07
1.531200668791071307e+00 9.609676096804049605e-07
1.640232476982105725e+00 3.398144313759500816e-06
1.748841031472873508e+00 9.028237385550721129e-06
1.837108747287138133e+00 1.731154681530252827e-05
1.920565475424172552e+00 2.959307090379008486e-05
2.003801603013734667e+00 4.764522895696164114e-05
2.087026311750455942e+00 7.320576001182046023e-05
2.170132604808238330e+00 1.081560425672913251e-04
2.253081071742986552e+00 1.544850597135876129e-04
2.335900824436221601e+00 2.140693216021151099e-04
2.418700266672117571e+00 2.884083680897272985e-04
2.501959648901962652e+00 3.794805213307981574e-04
2.590279939177327684e+00 4.972923762117130225e-04
2.698487197840678586e+00 6.791398090977678872e-04
2.805910449486988867e+00 9.028640796269475806e-04
2.893102501432185392e+00 1.112719126041956681e-03
2.975616101555613735e+00 1.334099274310099857e-03
3.058004739531412053e+00 1.578752741493603604e-03
3.140424346918594622e+00 1.848160254980200532e-03
3.222734839508528903e+00 2.141558029031083530e-03
3.304903588303435225e+00 2.456798299741428347e-03
3.386999632423467688e+00 2.788892556729738112e-03
3.469203155708806108e+00 3.129642833504675190e-03
3.552072349894410674e+00 3.475400593955132924e-03
3.640204178968982518e+00 3.852987954861874457e-03
3.748260863125865594e+00 4.346994229766697714e-03
3.855456286516914410e+00 4.852472363358834376e-03
3.942564458435709351e+00 5.245927124138769632e-03
4.025200340913359653e+00 5.599003845277002872e-03
4.107856772301620829e+00 5.939293431342109603e-03
4.190585300395255786e+00 6.270670336399274646e-03
4.273172637486696956e+00 6.591795254507964302e-03
4.355554432071210513e+00 6.899249622451682738e-03
4.437804062724747034e+00 7.184340422839964428e-03
4.520145073942797964e+00 7.434598653194939705e-03
4.603181755235391748e+00 7.650982075978175756e-03
4.691461533070167000e+00 7.870705678707354616e-03
4.799374851066443348e+00 8.163229658103860614e-03
4.905982558177305108e+00 8.446350711449545148e-03
4.992507861527396784e+00 8.635874450360219584e-03
5.074640786573157314e+00 8.786437821828051165e-03
5.156821100556468807e+00 8.925861616652685723e-03
5.239049775999544245e+00 9.061924946763394093e-03
5.321102593919327717e+00 9.195073184986225778e-03
5.402938270574699331e+00 9.322693031985147122e-03
5.484678154366332770e+00 9.435248951568107542e-03
5.566623513169431270e+00 9.518496174617344444e-03
5.649463189951310582e+00 9.573582125792706732e-03
5.737750747771336535e+00 9.636227944652160995e-03
5.845729817119781124e+00 9.762720983147323006e-03
5.952315549800339944e+00 9.900329820394456609e-03
6.038943192204799360e+00 9.977985035151980264e-03
6.121387425563485252e+00 1.002834507435241065e-02
6.204021314153212785e+00 1.007556881784323934e-02
6.286734899505100671e+00 1.012743966176861063e-02
6.369232631092369701e+00 1.018345947422014987e-02
6.451444539776431064e+00 1.023962377674876752e-02
6.533499653315473665e+00 1.028442483025887935e-02
6.615746391924399283e+00 1.030218679187313961e-02
6.698916540480108317e+00 1.029532237132704982e-02
6.787499667723472463e+00 1.030059626278402238e-02
6.895460769443489291e+00 1.036728350151378854e-02
7.001579827939245604e+00 1.044835240020495180e-02
7.087743057740544472e+00 1.048159367409826070e-02
7.169791594685732683e+00 1.049321884916442835e-02
7.252037638718115353e+00 1.050543434288025817e-02
7.334324106282530842e+00 1.052528748407549966e-02
7.416352830794912698e+00 1.055168234825362705e-02
7.498081569781512634e+00 1.058036842162428902e-02
7.579686087959323082e+00 1.059990433318435017e-02
7.661587773915685240e+00 1.059445582486438081e-02
7.744602950379551487e+00 1.056528697380700391e-02
7.833239460292862333e+00 1.054763439295477306e-02
7.941328268377003674e+00 1.058969843599316153e-02
8.047477637069269107e+00 1.065063146287048047e-02
8.133775187250623873e+00 1.066877157008111303e-02
8.216163313383679778e+00 1.066642943082916385e-02
8.298891427062095261e+00 1.066565899537644940e-02
8.381688079395843260e+00 1.067386025427446983e-02
8.464182937035648280e+00 1.068969268724340518e-02
8.546307338407807208e+00 1.070834373118351342e-02
8.628249034300202069e+00 1.071765622234864893e-02
8.710480446710924696e+00 1.070172405972647477e-02
8.793857551883853318e+00 1.066333409896210067e-02
8.882807953147965563e+00 1.063932546965604131e-02
8.990869978425577003e+00 1.067532333665431252e-02
9.096557986154598652e+00 1.072724755797133805e-02
9.182416307903340069e+00 1.073784953695551027e-02
9.264431441242033216e+00 1.072981822067018386e-02
9.346784833764354872e+00 1.072446345645770675e-02
9.429161324492248752e+00 1.072846404660872908e-02
9.511193747920993147e+00 1.074011307569474639e-02
9.592844077972314309e+00 1.075468711147116625e-02
9.674344752289439242e+00 1.076061643163006391e-02
9.756235409774332012e+00 1.074237015542050047e-02
9.839455560470229400e+00 1.070162222532873401e-02
9.928462625059037094e+00 1.067376176925856172e-02
1.003667148990174418e+01 1.070510112650843379e-02
