3.888888888888888395e-01 0.000000000000000000e+00
6.388888888888888395e-01 0.000000000000000000e+00
8.888888888888888395e-01 0.000000000000000000e+00
1.138888888888888840e+00 0.000000000000000000e+00
1.388888336211298036e+00 1.950074636678524504e-07
1.638861347441791017e+00 9.761243135003763486e-06
1.888702506083971722e+00 6.794227840972830341e-05
2.138234752080066414e+00 2.463735395738997553e-04
2.387256118317869547e+00 6.344350524978203607e-04
2.635610965421379515e+00 1.311948771524406926e-03
2.883267349520584055e+00 2.315019570584724191e-03
3.130362722503188255e+00 3.607511150484275526e-03
3.377182468692387474e+00 5.074351837931857095e-03
3.624048177921352032e+00 6.547134664203331685e-03
3.871153890560990352e+00 7.855917050647384312e-03
4.118494119605040638e+00 8.883417574330547753e-03
4.365894522136749778e+00 9.593604773474208661e-03
4.613122470538159270e+00 1.002406202278996634e-02
4.860024490331170455e+00 1.025377456378375601e-02
5.106623028009433796e+00 1.036628934303336289e-02
5.353127413365028175e+00 1.042160336526063921e-02
5.599821014027089205e+00 1.044816305923710817e-02
5.846856506558334665e+00 1.045994161406736331e-02
6.094184531734699206e+00 1.046474470308933133e-02
6.341596280672218811e+00 1.046659548966624373e-02
6.588838653519468735e+00 1.046732769276651626e-02
6.835750343141457464e+00 1.046765712643217723e-02
7.082353888346658799e+00 1.046782668267300445e-02
7.328861005358198177e+00 1.046790691364338395e-02
7.575556121817911936e+00 1.046789851144915538e-02
7.822592404860770010e+00 1.046781701222568133e-02
8.069920848432433402e+00 1.046770930850470828e-02
8.317332834361057081e+00 1.046763320559193980e-02
8.564575329548771876e+00 1.046762881393034292e-02
8.811487040330087339e+00 1.046769772099666491e-02
9.058090526514057217e+00 1.046780112542989964e-02
9.304597555600619074e+00 1.046787725938255580e-02
9.551292616139264169e+00 1.046787722266452787e-02
9.798328909275360488e+00 1.046780380875323574e-02
1.004565742211549129e+01 1.046770182429192404e-02
