1.944444444444444198e-01 0.000000000000000000e+00
3.194444444444444198e-01 0.000000000000000000e+00
4.444444444444444198e-01 0.000000000000000000e+00
5.694444444443578224e-01 0.000000000000000000e+00
6.944444337761418451e-01 0.000000000000000000e+00
8.193860374685505432e-01 0.000000000000000000e+00
9.328851988583813926e-01 0.000000000000000000e+00
9.946193564702038303e-01 0.000000000000000000e+00
1.055383756379734361e+00 0.000000000000000000e+00
1.165676406988855440e+00 0.000000000000000000e+00
1.289942682072403368e+00 0.000000000000000000e+00
1.415215139314508708e+00 0.000000000000000000e+00
1.540300350166644350e+00 0.000000000000000000e+00
1.665309075128708738e+00 0.000000000000000000e+00
1.790308198191429501e+00 0.000000000000000000e+00
1.915307737763697116e+00 0.000000000000000000e+00
2.040307578371503006e+00 1.389115667602716808e-08
2.165292290730837177e+00 2.350759774847564873e-06
2.290170507976875047e+00 2.192644178933982508e-05
2.414715438765409061e+00 9.620221231070512043e-05
2.538452694064606163e+00 2.927428221217736768e-04
2.662107226821376571e+00 6.820969576425131228e-04
2.776958755003571255e+00 1.218922267171669007e-03
2.838302919847160322e+00 1.651162359601589464e-03
2.896197120016553050e+00 2.200745229664403859e-03
2.997751905619349788e+00 3.731336130096704271e-03
3.113747788576257225e+00 6.288735264866939303e-03
3.231137784379796152e+00 9.824416864451578774e-03
3.347656932869866431e+00 1.438922044716751947e-02
3.463780785232791981e+00 1.999657442016929479e-02
3.580182563627076320e+00 2.652108492933851966e-02
3.697359915067410796e+00 3.368158413498358039e-02
3.815612458720027522e+00 4.108234347823845611e-02
3.935049962929994205e+00 4.828682279953671469e-02
4.055587202503142308e+00 5.489070172901078931e-02
4.176861122186832809e+00 6.062713004081843327e-02
4.297262149805476383e+00 6.570040473364802125e-02
4.421220165596812635e+00 6.844699850161344024e-02
4.545904824833629121e+00 6.706663848791943883e-02
4.607018688710878607e+00 6.801366333020086863e-02
4.664501801655958957e+00 6.789770460276373099e-02
4.756887037106351634e+00 7.018591560644300842e-02
4.866599931314566696e+00 7.311471571484839949e-02
4.982816333556153054e+00 7.486740466991069487e-02
5.099137632034571155e+00 7.601477759295777181e-02
5.214818591876796638e+00 7.697196319661937791e-02
5.330563512470770426e+00 7.788401513136779253e-02
5.447045674825684358e+00 7.879434641340021805e-02
5.564674475114556707e+00 7.970850890268774136e-02
5.683614632622800755e+00 8.060989876063820447e-02
5.803898888333491435e+00 8.141240735652818805e-02
5.925663031179481344e+00 8.189980394658780138e-02
6.044937812419633794e+00 8.302282751629995461e-02
6.166859864412469250e+00 8.419963301177756099e-02
6.304867669797053154e+00 7.935771245028966359e-02
6.369329875641567718e+00 7.859539511921737054e-02
6.428329352012058351e+00 7.703902064639145397e-02
6.514612253691222321e+00 7.722740821408338729e-02
6.618053456686926239e+00 7.884295754547883395e-02
6.732696334450698927e+00 7.981372686197377164e-02
6.849707071039227380e+00 8.011025987385313185e-02
6.966019810502368514e+00 8.023410186745612294e-02
7.081829260469935328e+00 8.043048364105609416e-02
7.197973676978670632e+00 8.075445272526993179e-02
7.315075622327904981e+00 8.119668712131908328e-02
7.433396283014667816e+00 8.175375967002979083e-02
7.552962809137258482e+00 8.239660896317964334e-02
7.675544844121254151e+00 8.244247642679501664e-02
7.794907309565476616e+00 8.287609588505714941e-02
7.907978151398868505e+00 8.697048658389251730e-02
8.059919309767851203e+00 8.207625793477120457e-02
8.132883692382868901e+00 7.984947172530661164e-02
8.193895957642357786e+00 7.786370408025776457e-02
8.275146659653461967e+00 7.743632621621704404e-02
8.371773464709388435e+00 7.868261133130927121e-02
8.482936896061014309e+00 7.991921301326225524e-02
8.599859347224132478e+00 8.042759704113049135e-02
8.716993937325590025e+00 8.051860039806751912e-02
8.833175453146591138e+00 8.059382681569622620e-02
8.949143223772885847e+00 8.079853278023790830e-02
9.065786074013477247e+00 8.113229430205490256e-02
9.183539984218896279e+00 8.159855967944984467e-02
9.301782306795500332e+00 8.243872147027697661e-02
9.425106685081988900e+00 8.242270098311293980e-02
9.548070427496085699e+00 8.156874503910480079e-02
9.644961662555083137e+00 8.897961358504133389e-02
9.809206352208276414e+00 8.523908535405565201e-02
9.898299642332954562e+00 8.050995351216212736e-02
9.960447741810538602e+00 7.850227569502077341e-02
1.003767725292888358e+01 7.766610358461757679e-02
