2.592592592592593004e-01 0.000000000000000000e+00
4.259259259259259300e-01 0.000000000000000000e+00
5.925925925925547011e-01 0.000000000000000000e+00
7.592590963637971813e-01 0.000000000000000000e+00
9.233234404330369349e-01 0.000000000000000000e+00
1.018070450423885553e+00 0.000000000000000000e+00
1.107910620040439165e+00 0.000000000000000000e+00
1.266792182397188382e+00 0.000000000000000000e+00
1.433726747291262482e+00 0.000000000000000000e+00
1.600560819282091929e+00 0.000000000000000000e+00
1.767241230576724886e+00 0.000000000000000000e+00
1.933906631898598460e+00 0.000000000000000000e+00
2.100571629048673561e+00 2.232549498572690988e-07
2.267146004166619377e+00 1.601653804716069606e-05
2.433133073710871397e+00 1.315254629462449633e-04
2.597188314207919735e+00 5.567880777424423760e-04
2.763721835186856435e+00 1.242821265599465238e-03
2.862116579120791204e+00 1.849824143228253172e-03
2.942382371961397070e+00 3.016071204984366663e-03
3.082576605538936754e+00 6.943892474396025187e-03
3.233308537912384040e+00 1.401453397198659627e-02
3.383397723796693679e+00 2.447255446089122502e-02
3.533573531793379630e+00 3.832813433761252109e-02
3.685681233438856452e+00 5.468372393277168980e-02
3.840840322869008450e+00 7.169151848549477901e-02
3.999323988323731704e+00 8.714870569942935463e-02
4.160998526057476887e+00 9.892401801779183990e-02
4.317180603169027187e+00 1.106802810676723037e-01
4.510550568853989084e+00 9.947786565812945236e-02
4.630167827710562456e+00 8.992659519852930217e-02
4.698545333494710263e+00 9.021407413948955012e-02
4.814652570666599019e+00 9.659175541001462084e-02
4.955784572981530189e+00 1.023573505538980660e-01
5.104736472623134347e+00 1.054591801204305124e-01
5.254087511378192410e+00 1.082695232996162132e-01
5.404163096451220838e+00 1.119363763775627352e-01
5.556835331088342933e+00 1.165303947161317605e-01
5.712732510191761648e+00 1.219141524420332273e-01
5.879948046339746881e+00 1.216845106750636951e-01
6.013757476054570006e+00 1.426588794298394025e-01
6.231236850835084162e+00 1.309767924450537802e-01
6.394378036308118851e+00 1.053508452581534138e-01
6.458510072143734959e+00 1.025872946662339802e-01
6.559936770712881504e+00 1.018331892950464918e-01
6.684420858395927034e+00 1.062530876465262453e-01
6.828164268299788731e+00 1.092546374501739692e-01
6.977595559267086855e+00 1.105847704281127386e-01
7.127088336341276253e+00 1.122413412500187224e-01
7.277981902859096408e+00 1.148296084881712392e-01
7.424568605621129969e+00 1.234609697556201952e-01
7.611873038486121956e+00 1.136902646763531394e-01
7.710184842841020902e+00 1.437030728448864259e-01
7.922218750054944358e+00 1.614285669395064404e-01
8.143200544600277979e+00 1.220350033491207770e-01
8.224281697129439905e+00 1.117199865845533019e-01
8.321024994820367837e+00 1.042217567333634659e-01
8.425514755936680089e+00 1.055948836241370897e-01
8.555377044579341117e+00 1.091165575637526586e-01
8.700909765733735313e+00 1.111160723688745661e-01
8.849856997863410513e+00 1.122285801962974866e-01
nan nan
