1.296296296296296502e-01 0.000000000000000000e+00
2.129629629629630205e-01 0.000000000000000000e+00
2.962962962962961688e-01 0.000000000000000000e+00
3.796296296296297057e-01 0.000000000000000000e+00
4.629629629629628540e-01 0.000000000000000000e+00
5.462962962962961688e-01 0.000000000000000000e+00
6.296296296296293171e-01 0.000000000000000000e+00
7.129629629629629095e-01 0.000000000000000000e+00
7.962962962962960578e-01 0.000000000000000000e+00
8.796296296296296502e-01 0.000000000000000000e+00
9.629629629629627985e-01 0.000000000000000000e+00
1.046296296296296280e+00 0.000000000000000000e+00
1.129629629629629317e+00 0.000000000000000000e+00
1.212962937066214053e+00 2.043039737449313399e-09
1.296295637464414341e+00 5.313801152704027395e-08
1.379625858252594650e+00 3.281632257880487962e-07
1.462950495533730910e+00 1.181215731037354587e-06
1.546265366492727944e+00 3.182691948975591001e-06
1.629565339894683662e+00 7.146853990040295359e-06
1.712844473928501587e+00 1.414921447428254624e-05
1.796096177691401286e+00 2.553307040248127348e-05
1.879313405234659395e+00 4.290455787649059648e-05
1.962488885996268362e+00 6.811569467378627565e-05
2.045615391079914414e+00 1.032350375644665758e-04
2.128686030583726740e+00 1.505058132461839873e-04
2.211694572914540302e+00 2.122916912402152991e-04
2.294635772907742233e+00 2.910107590510248006e-04
2.377505691942922716e+00 3.890587397164092342e-04
2.460301990526093441e+00 5.087230641319511479e-04
2.543024172442683639e+00 6.520900751014926510e-04
2.625673759959421982e+00 8.209483852556211884e-04
2.708254381925092158e+00 1.016692204620532137e-03
2.790771761050179212e+00 1.240229234327015068e-03
2.873233592946114801e+00 1.491898394917316696e-03
2.955649317222269978e+00 1.771403092934559090e-03
3.038029789374392831e+00 2.077765780981342177e-03
3.120386870476647534e+00 2.409309093330056460e-03
3.202732933548650518e+00 2.763667628995845026e-03
3.285079849222022563e+00 3.137830612122886973e-03
3.367437775597609484e+00 3.528216433457849726e-03
3.449814765069089351e+00 3.930781809522921298e-03
3.532216522804723979e+00 4.341158056546268011e-03
3.614646227947424517e+00 4.754806193872355112e-03
3.697104462035161632e+00 5.167181274248963674e-03
3.779589267619983595e+00 5.573895335669124158e-03
3.862096344054323893e+00 5.970868485434769474e-03
3.944619374580309756e+00 6.354458841994464063e-03
4.027150468409200990e+00 6.721564182298684145e-03
4.109680693268503937e+00 7.069690850195676016e-03
4.192200667957335369e+00 7.396988389525999304e-03
4.274701180813195833e+00 7.702251099008745883e-03
4.357173798621400529e+00 7.984889962457244333e-03
4.439611431303482902e+00 8.244879996842499267e-03
4.522008820575615040e+00 8.482688914908678712e-03
4.604362925513387772e+00 8.699193161295176030e-03
4.686673184386606295e+00 8.895586975379276076e-03
4.768941639948788946e+00 9.073289330154806279e-03
4.851172924170191969e+00 9.233852576627678624e-03
4.933374107637448880e+00 9.378875556049742768e-03
5.015554427809810534e+00 9.509922965832542929e-03
5.097724918231641311e+00 9.628451978461426142e-03
5.179897929137650792e+00 9.735747894982068815e-03
5.262085722468355264e+00 9.832910846678980660e-03
5.344298498087546534e+00 9.920913344845639845e-03
5.426543981988888987e+00 1.000062637639532841e-02
5.508827307455772093e+00 1.007283214334467672e-02
5.591150914549865902e+00 1.013823481544451691e-02
5.673514533422314265e+00 1.019746971549374652e-02
5.755915285316300256e+00 1.025111120005337169e-02
5.838347913390752097e+00 1.029967943438435396e-02
5.920805139696550867e+00 1.034364622299668510e-02
6.003278132720692994e+00 1.038344003339208843e-02
6.085757061064263951e+00 1.041945033368963172e-02
6.168231702697381635e+00 1.045203135116094806e-02
6.250692075647283907e+00 1.048150534636807865e-02
6.333129054757232090e+00 1.050816548572610504e-02
6.415534940133041708e+00 1.053227838363170014e-02
6.497903945896098321e+00 1.055408637393129290e-02
6.580232582703852806e+00 1.057380955968926194e-02
6.662519913966626461e+00 1.059164768023182490e-02
6.744767673500088989e+00 1.060778182551463597e-02
6.826980241107804659e+00 1.062237602009745256e-02
6.909164481749846765e+00 1.063557869245821200e-02
6.991329462840107922e+00 1.064752403998871395e-02
7.073486072050120477e+00 1.065833329572305442e-02
7.155646526464098045e+00 1.066811589559668594e-02
7.237822962102659297e+00 1.067697047208765807e-02
7.320025463920691422e+00 1.068498577607873354e-02
7.402261654175548600e+00 1.069224171474674606e-02
7.484536572498641682e+00 1.069881030219197934e-02
7.566852574394201447e+00 1.070475650021401881e-02
7.649209313649818043e+00 1.071013896620184348e-02
7.731603842519985115e+00 1.071501071882676598e-02
7.814030841807433347e+00 1.071941972941120071e-02
7.896482977169462458e+00 1.072340944570040512e-02
7.978951366060542227e+00 1.072701925436656684e-02
8.061426130872414220e+00 1.073028488844839090e-02
8.143897007709883340e+00 1.073323878584890416e-02
8.226353976653250299e+00 1.073591040485901739e-02
8.308787878139566985e+00 1.073832650238587191e-02
8.391190981074204913e+00 1.074051138018231738e-02
8.473557471286376597e+00 1.074248710385980465e-02
8.555883833784653447e+00 1.074427369892662527e-02
8.638169108736837742e+00 1.074588932749200379e-02
8.720415008909425225e+00 1.074735044870052218e-02
8.802625895057461847e+00 1.074867196540460999e-02
8.884808614917586667e+00 1.074986735906988643e-02
8.966972220344233691e+00 1.075094881445606658e-02
9.049127584964404392e+00 1.075192733522652849e-02
9.131286913194362143e+00 1.075281285093280907e-02
9.213462329644611870e+00 1.075361430845723359e-02
9.295663909008933246e+00 1.075433975634344612e-02
9.377899264310970651e+00 1.075499643945776809e-02
9.460173426864548318e+00 1.075559088564558702e-02
9.542488744674187728e+00 1.075612898233373367e-02
9.624844864758379970e+00 1.075661604463586801e-02
9.707238833255491528e+00 1.075705687593975050e-02
9.789665325436310184e+00 1.075745582170554993e-02
9.872117001949415993e+00 1.075781681709367735e-02
9.954584975710028871e+00 1.075814342900435240e-02
1.003705936499284235e+01 1.075843889309776626e-02
