3.888888888888888395e-01 0.000000000000000000e+00
6.388888888888888395e-01 0.000000000000000000e+00
8.888888888888888395e-01 0.000000000000000000e+00
1.138888888888888840e+00 0.000000000000000000e+00
1.388888888888888618e+00 0.000000000000000000e+00
1.638888888888888618e+00 0.000000000000000000e+00
1.888888888888888618e+00 0.000000000000000000e+00
2.138888888888888840e+00 0.000000000000000000e+00
2.388874559144210430e+00 1.812689504295211379e-06
2.638669826974144872e+00 2.925220019242608289e-05
2.887874066687539987e+00 1.533457512487164365e-04
3.136071738612104642e+00 4.877936101289990643e-04
3.383132944432285960e+00 1.147534403634438991e-03
3.629421780182013890e+00 2.181135085755876203e-03
3.875679228213664729e+00 3.515243220601633242e-03
4.122599970025771832e+00 4.964175838605329634e-03
4.370441890205823299e+00 6.316456355752362271e-03
4.618856130681649574e+00 7.433287397852757911e-03
4.867085128119751580e+00 8.284746517495366822e-03
5.114449556117512508e+00 8.915515971320312968e-03
5.360776552439021181e+00 9.383943976507340759e-03
5.606481887853587587e+00 9.733091629908921169e-03
5.852313426115703265e+00 9.994104905182182863e-03
6.098942019181939678e+00 1.018952010256691382e-02
6.346588080809840271e+00 1.033571768489443404e-02
6.594867526924701906e+00 1.044479489546854684e-02
6.842999174269700724e+00 1.052589689826426492e-02
7.090291564436072669e+00 1.058606301860898040e-02
7.336565260801915400e+00 1.063070573821094621e-02
7.582231088167184829e+00 1.066390730429631062e-02
7.828033243151764964e+00 1.068867409771271509e-02
8.074639926557782843e+00 1.070718517534630446e-02
8.322269644993619764e+00 1.072101749901450442e-02
8.570536923794938033e+00 1.073132890131187241e-02
8.818659538852333668e+00 1.073899084674421328e-02
9.065945236112634475e+00 1.074467223529824295e-02
9.312213970537262853e+00 1.074888629948458733e-02
9.557876109911203955e+00 1.075201955211698736e-02
9.803675515207469715e+00 1.075435634202845554e-02
1.005028014432376793e+01 1.075610261949230644e-02
