3.888888888888888395e-01 0.000000000000000000e+00
6.388888888888888395e-01 0.000000000000000000e+00
8.888888888888888395e-01 0.000000000000000000e+00
1.138888888888888840e+00 0.000000000000000000e+00
1.388888295777323201e+00 7.502176692519704826e-08
1.638859403388598590e+00 3.792600481835345439e-06
1.888692413873061859e+00 2.802941958995639623e-05
2.138211499803798432e+00 1.090250183958998146e-04
2.387225427437609238e+00 3.007669722568600905e-04
2.635597749505219412e+00 6.649318521209763265e-04
2.883318921222375764e+00 1.253230760381756400e-03
3.130543450608378464e+00 2.086155805605542906e-03
3.377559923085954097e+00 3.136144728050283687e-03
3.624672429832548559e+00 4.325161034264317188e-03
3.872036169596760669e+00 5.542413488565583329e-03
4.119602051325833791e+00 6.677133738491951645e-03
4.367164128495130804e+00 7.650132352385347057e-03
4.614480825879109460e+00 8.428880218958802184e-03
4.861413768589733841e+00 9.022679759204250277e-03
5.108016513691636895e+00 9.465313027894004319e-03
5.354532131259322369e+00 9.794948367417276661e-03
5.601262572378709059e+00 1.004103058635173219e-02
5.848350996703572946e+00 1.022477819593187523e-02
6.095724973204041497e+00 1.036185032260375852e-02
6.343154398424512230e+00 1.046395818262621166e-02
6.590377840655263775e+00 1.053993082219362686e-02
6.837243225943071323e+00 1.059643245863947474e-02
7.083795944121861865e+00 1.063847038428009789e-02
7.330274357789884121e+00 1.066977886357712776e-02
7.576977126299404119e+00 1.069311913698151040e-02
7.824044960379629821e+00 1.071052186903635045e-02
8.071403620592974448e+00 1.072348871032900025e-02
8.318821660092401871e+00 1.073313980257165935e-02
8.566036643415648300e+00 1.074031632344960019e-02
8.812895744542892373e+00 1.074565121754157346e-02
9.059443790984872180e+00 1.074961913403644186e-02
9.305918727407108904e+00 1.075257357648730198e-02
9.552618904869092376e+00 1.075477568147389408e-02
9.799684807736971592e+00 1.075641735906223383e-02
1.004704202936711965e+01 1.075764045019815714e-02
