1.944444444444444198e-01 0.000000000000000000e+00
3.194444444444444198e-01 0.000000000000000000e+00
4.444444444444444198e-01 0.000000000000000000e+00
5.694444444444444198e-01 0.000000000000000000e+00
6.944444444444443088e-01 0.000000000000000000e+00
8.194444444444443088e-01 0.000000000000000000e+00
9.444444444444443088e-01 0.000000000000000000e+00
1.069444444444444420e+00 0.000000000000000000e+00
1.194444443991493188e+00 9.253862893949203677e-11
1.319443858781271128e+00 1.196859261515804106e-07
1.444437913392248252e+00 1.377997127757591812e-06
1.569415814239293994e+00 6.368372973456892947e-06
1.694361450683424808e+00 1.947322417782878796e-05
1.819254317819044786e+00 4.688820922337784907e-05
1.944070745223610786e+00 9.646489568475885459e-05
2.068785541088976832e+00 1.773660601068657015e-04
2.193374063480234781e+00 2.995341382736234088e-04
2.317814628444034408e+00 4.729859568385051693e-04
2.442091058295615458e+00 7.069650926144805834e-04
2.566195078227341941e+00 1.009005695826382292e-03
2.690128209476933652e+00 1.383986215528959941e-03
2.813902807507113302e+00 1.833274656347571316e-03
2.937541970388612977e+00 2.354083284655445786e-03
3.061078194911110550e+00 2.939152644829553032e-03
3.184550862003666882e+00 3.576864478158944208e-03
3.308002289523878758e+00 4.251832446663910380e-03
3.431470491003522749e+00 4.945936921730953451e-03
3.554983817704251869e+00 5.639734083135206598e-03
3.678558665331855160e+00 6.314072377115497250e-03
3.802198381453616438e+00 6.951676293840514803e-03
3.925893645289318279e+00 7.538470569412942385e-03
4.049624398481991072e+00 8.064470056174468521e-03
4.173363128219055973e+00 8.524147972205298185e-03
4.297079093107683434e+00 8.916292782019483165e-03
4.420742949094582208e+00 9.243445088174657986e-03
4.544331182173716677e+00 9.511053227088972842e-03
4.667829785206786042e+00 9.726495630190120506e-03
4.791236722502319800e+00 9.898096819118818238e-03
4.914562897697781985e+00 1.003422573224085901e-02
5.037831558985924829e+00 1.014252401918238483e-02
5.161076308734351414e+00 1.022927872002652935e-02
5.284337133978377565e+00 1.029903467972936859e-02
5.407650229124072894e+00 1.035507778230835944e-02
5.531040669982359326e+00 1.040003882906450836e-02
5.654520676160371906e+00 1.043605479625953937e-02
5.778089037285912610e+00 1.046486596966560330e-02
5.901731879377213552e+00 1.048788956439282785e-02
6.025424887738231483e+00 1.050627718261066233e-02
6.149136796074424538e+00 1.052096095507736723e-02
6.272833734672476069e+00 1.053269155754833243e-02
6.396483901107263392e+00 1.054207016333944327e-02
6.520061972073356138e+00 1.054957562277753988e-02
6.643552709338023554e+00 1.055558765376210864e-02
6.766953319875261386e+00 1.056040651589023639e-02
6.890274300198119484e+00 1.056426946377832070e-02
7.013538709946049998e+00 1.056736418256727997e-02
7.136780049130809545e+00 1.056983936346953326e-02
7.260038175417097506e+00 1.057181289725048733e-02
7.383349136684757674e+00 1.057337982270105912e-02
7.506737889914232298e+00 1.057461825297082401e-02
7.630216561363379668e+00 1.057559288935921993e-02
7.753783867404560937e+00 1.057635771762483780e-02
7.877425876243981051e+00 1.057695795442191271e-02
8.001118227061770227e+00 1.057743134954008436e-02
8.124829616287035705e+00 1.057780901351696237e-02
8.248526143771922392e+00 1.057811595279191906e-02
8.372175982184034027e+00 1.057837147841075159e-02
8.495753788036680021e+00 1.057858962134750232e-02
8.619244307168875352e+00 1.057877964560381516e-02
8.742644734564452236e+00 1.057894670480807008e-02
8.865965558387493672e+00 1.057909264324507527e-02
8.989229833189542163e+00 1.057921690210676495e-02
9.112471056629949828e+00 1.057931746099964945e-02
9.235729086001041921e+00 1.057939193655288261e-02
9.359039969566820716e+00 1.057943970911969130e-02
9.482428664453719236e+00 1.057946274882959337e-02
9.605907296334171619e+00 1.057946505382514543e-02
9.729474579995041950e+00 1.057945213924117375e-02
9.853116580990681328e+00 1.057943045798246870e-02
9.976808934912179794e+00 1.057940671522613653e-02
1.010052033396144289e+01 1.057938713181100741e-02
