2.592592592592593004e-01 0.000000000000000000e+00
4.259259259259259300e-01 0.000000000000000000e+00
5.925925925925924487e-01 0.000000000000000000e+00
7.592592592592590783e-01 0.000000000000000000e+00
9.259259259259258190e-01 0.000000000000000000e+00
1.092592592592592338e+00 0.000000000000000000e+00
1.259259237054589864e+00 5.728213571217083767e-09
1.425922612420684299e+00 8.566867605713838918e-07
1.592564483226604155e+00 7.534115361118662251e-06
1.759148917009748070e+00 3.102998295519387431e-05
1.925625924484853257e+00 8.837545502487749796e-05
2.091936942442279790e+00 2.015586970500940879e-04
2.258022685273870511e+00 3.953287457497178044e-04
2.423833067763949689e+00 6.939684805706098844e-04
2.589337872275857766e+00 1.117310829214304040e-03
2.754535927737477685e+00 1.676519994589756053e-03
2.919460182718097929e+00 2.370407146395953242e-03
3.084176558758079167e+00 3.183205309426913928e-03
3.248775912873060001e+00 4.084665326368332010e-03
3.413357498489528741e+00 5.032926007073611728e-03
3.578002065000384313e+00 5.979896106139732589e-03
3.742755294047067860e+00 6.878226937353588283e-03
3.907622074621722064e+00 7.688217439187511673e-03
4.072568920404521009e+00 8.382916397982423731e-03
4.237534695838929721e+00 8.950326526196405660e-03
4.402447460662619605e+00 9.392576417523945675e-03
4.567243645905354477e+00 9.722780485897145747e-03
4.731885233966807824e+00 9.960723041608707251e-03
4.896371135913853756e+00 1.012843442813558988e-02
5.060740420695157837e+00 1.024635877962504216e-02
5.225067125985265903e+00 1.033039815745458688e-02
5.389443156090214515e+00 1.039059600545577840e-02
5.553941681649417816e+00 1.043348990718128040e-02
5.718597584570457748e+00 1.046388533286769264e-02
5.883403969915094400e+00 1.048533127348717092e-02
6.048316231019057909e+00 1.050042919187417836e-02
6.213263845727979628e+00 1.051106188546272781e-02
6.378167758800314502e+00 1.051857067022541649e-02
6.542959625414875191e+00 1.052389586857075190e-02
6.707598702883979414e+00 1.052768823244082212e-02
6.872082720852008997e+00 1.053039538231690525e-02
7.036450504970979125e+00 1.053232594436360331e-02
7.200776166071083395e+00 1.053369362155356925e-02
7.365151530632146226e+00 1.053464644825976779e-02
7.529649631874376858e+00 1.053529308591680431e-02
7.694305264858923188e+00 1.053571819990087657e-02
7.859111482253049452e+00 1.053598973552729613e-02
8.024023643854624410e+00 1.053616279564497694e-02
8.188971202922919801e+00 1.053628088776967058e-02
8.353875083885224484e+00 1.053637575871923041e-02
8.518666924988865574e+00 1.053646703611017810e-02
8.683305971265601997e+00 1.053656259735061620e-02
8.847789946425749008e+00 1.053666014796046310e-02
9.012157677389113886e+00 1.053675001377427957e-02
9.176483282699733124e+00 1.053681872829723663e-02
9.340858600057767802e+00 1.053685395675727290e-02
9.505356672391057415e+00 1.053685202800716883e-02
9.670012299843541825e+00 1.053681868175237492e-02
9.834818534519074618e+00 1.053676625471954009e-02
9.999730730282932356e+00 1.053671055119898350e-02
1.016467833058245240e+01 1.053666723386159111e-02
