1.944444444444444198e-01 0.000000000000000000e+00
3.194444444444444198e-01 0.000000000000000000e+00
4.444444444444444198e-01 0.000000000000000000e+00
5.694444444444444198e-01 0.000000000000000000e+00
6.944444444444443088e-01 0.000000000000000000e+00
8.194444444444443088e-01 0.000000000000000000e+00
9.444444444444443088e-01 0.000000000000000000e+00
1.069444444444444420e+00 0.000000000000000000e+00
1.194444443951221402e+00 4.503534352399525328e-11
1.319443806746152248e+00 5.825882069296591400e-08
1.444437379044906100e+00 6.859654830702104752e-07
1.569413804025396653e+00 3.285963488029918551e-06
1.694356554961711003e+00 1.041675851141596592e-05
1.819245005028420792e+00 2.594125938642899675e-05
1.944055732660903368e+00 5.505262675599309377e-05
2.068764208581097552e+00 1.041671111762288750e-04
2.193346876992066985e+00 1.806771700857278556e-04
2.317783531476279801e+00 2.925642265536643779e-04
2.442059779711627687e+00 4.478794936888699351e-04
2.566169301811467740e+00 6.541136348045287164e-04
2.690115557181691042e+00 9.174917999445016863e-04
2.813912606689711549e+00 1.242249235685792237e-03
2.937584803712465664e+00 1.629962078683118388e-03
3.061165264937527830e+00 2.079023548989923989e-03
3.184693233589229511e+00 2.584360617978764905e-03
3.308210033104901360e+00 3.137469941874100349e-03
3.431751538601411244e+00 3.726805156813770437e-03
3.555343034132356195e+00 4.338530379788140337e-03
3.678997428990908869e+00 4.957575006852124426e-03
3.802714547938773837e+00 5.568843103685217066e-03
3.926481847495886246e+00 6.158406176893563982e-03
4.050276642492639745e+00 6.714511950264679709e-03
4.174069619698652645e+00 7.228282490256453426e-03
4.297829202948119764e+00 7.694039796392554073e-03
4.421526210474239882e+00 8.109265939483616820e-03
4.545138208744072372e+00 8.474259892963159624e-03
4.668653013050950484e+00 8.791583944476774951e-03
4.792070905005999748e+00 9.065397900464287548e-03
4.915405317899034010e+00 9.300765271949991073e-03
5.038681961783084695e+00 9.502991606499592431e-03
5.161936588615317234e+00 9.677030196966755066e-03
5.285210722263536276e+00 9.827026776640743894e-03
5.408540735924870724e+00 9.956366323256636217e-03
5.531950657603384336e+00 1.006791217709224369e-02
5.655451067181946456e+00 1.016410681170343104e-02
5.779038875442456202e+00 1.024704400357105000e-02
5.902698357952528063e+00 1.031852630248287182e-02
6.026403620419986673e+00 1.038011099713384740e-02
6.150122297220217860e+00 1.043314696758310990e-02
6.273820050874674870e+00 1.047880437905300555e-02
6.397465313150216382e+00 1.051809885132856497e-02
6.521033674900729160e+00 1.055191144634049123e-02
6.644511381477077094e+00 1.058100553332540564e-02
6.767897512748390021e+00 1.060604132413208930e-02
6.891204608005994103e+00 1.062758863493185220e-02
7.014457715784908842e+00 1.064613823473119225e-02
7.137692075269464809e+00 1.066211198858347045e-02
7.260948766654480302e+00 1.067587179935977106e-02
7.384263768346386314e+00 1.068772715122584191e-02
7.507660768797983053e+00 1.069794256269066685e-02
7.631150056569838469e+00 1.070674458230875051e-02
7.754728292356270813e+00 1.071432766276718754e-02
7.878379536830258267e+00 1.072085908880343087e-02
8.002077710809672340e+00 1.072648309614638272e-02
8.125790289371670028e+00 1.073132429257824677e-02
8.249482797611401352e+00 1.073549048638028358e-02
8.373123548625745372e+00 1.073907502389175907e-02
8.496688030751633036e+00 1.074215873093781193e-02
8.620162400795896573e+00 1.074481154178328658e-02
8.743545662218085823e+00 1.074709388541825357e-02
8.866850288466231689e+00 1.074905788423984217e-02
8.990101271440947173e+00 1.075074840615092807e-02
9.113333801706234638e+00 1.075220399877255088e-02
9.236588917794794185e+00 1.075345771464527103e-02
9.359902562518072955e+00 1.075453780781280601e-02
9.483298393929592507e+00 1.075546841891396495e-02
9.606786674572152407e+00 1.075627021706805457e-02
9.730364042821749493e+00 1.075696093840441264e-02
9.854014540161402991e+00 1.075755583749834002e-02
9.977712070870982330e+00 1.075806806443497902e-02
1.010142409574633504e+01 1.075850897779284839e-02
