1.296296296296296502e-01 0.000000000000000000e+00
2.129629629629630205e-01 0.000000000000000000e+00
2.962962962962961688e-01 0.000000000000000000e+00
3.796296296296297057e-01 0.000000000000000000e+00
4.629629629629628540e-01 0.000000000000000000e+00
5.462962962961218638e-01 0.000000000000000000e+00
6.296296291112684074e-01 0.000000000000000000e+00
7.129625744142243926e-01 0.000000000000000000e+00
7.962221720839950390e-01 0.000000000000000000e+00
8.762423821335015850e-01 0.000000000000000000e+00
9.346520314470523338e-01 0.000000000000000000e+00
9.716960204786150301e-01 0.000000000000000000e+00
1.008575783546929783e+00 0.000000000000000000e+00
1.066257240427379349e+00 0.000000000000000000e+00
1.145333685949232239e+00 0.000000000000000000e+00
1.228377580995014151e+00 0.000000000000000000e+00
1.311814890493612884e+00 0.000000000000000000e+00
1.395222996195295329e+00 0.000000000000000000e+00
1.478579803057757269e+00 0.000000000000000000e+00
1.561917701361964950e+00 0.000000000000000000e+00
1.645251358169789180e+00 0.000000000000000000e+00
1.728584522132778245e+00 0.000000000000000000e+00
1.811917764194838076e+00 0.000000000000000000e+00
1.895251071263951426e+00 0.000000000000000000e+00
1.978584399755036971e+00 7.577929955553558330e-12
2.061916693392968014e+00 1.402996087585047824e-07
2.145237149164095580e+00 1.940287166120278793e-06
2.228518213296518446e+00 9.803149251287927927e-06
2.311714344244016228e+00 3.193971265394943013e-05
2.394755779829160769e+00 8.108187307031217768e-05
2.477536170935874971e+00 1.751067280609324654e-04
2.559980661525432577e+00 3.365200602007762049e-04
2.642328864832295565e+00 5.847564295424250358e-04
2.721975977325143958e+00 9.212361559651756435e-04
2.779928670619387532e+00 1.249078755404450835e-03
2.816205668717964183e+00 1.504309792920492835e-03
2.851825429575227222e+00 1.802708795247488826e-03
2.906793733606760632e+00 2.363295634716105261e-03
2.981662341715862308e+00 3.350301992644545528e-03
3.060633518370366346e+00 4.673366693272696173e-03
3.139935176981115461e+00 6.323863441499285795e-03
3.218831982324561913e+00 8.320970123601783772e-03
3.297353855480638085e+00 1.068127733756317130e-02
3.375679067367833408e+00 1.340852131071693272e-02
3.453970300317006803e+00 1.648705306217289335e-02
3.532366031655343352e+00 1.987949713145681710e-02
3.610983045910608702e+00 2.352712536401528262e-02
3.689914049132933194e+00 2.735290930112826632e-02
3.769224550640099647e+00 3.126713975684739660e-02
3.848951179060486005e+00 3.517484800761358499e-02
3.929094998497058899e+00 3.898359762404656620e-02
4.009618086286367067e+00 4.261075954473374228e-02
4.090444334723652098e+00 4.599089619661470008e-02
4.171427241174242795e+00 4.909176939245993992e-02
4.252274886323505143e+00 5.193372786219514758e-02
4.332985001721640472e+00 5.444148045339467640e-02
4.415240313406340711e+00 5.611680072571638422e-02
4.496593909304892556e+00 5.703255961581446543e-02
4.554618377705627275e+00 5.798088241611616678e-02
4.590408176673475005e+00 5.860055834981538897e-02
4.625153662156848533e+00 5.918166863210166245e-02
4.678447145553865205e+00 5.995136338616849359e-02
4.750332522864315621e+00 6.124338969378061853e-02
4.827375087668459130e+00 6.253739440066082012e-02
4.905897625978935750e+00 6.352753754584365697e-02
4.984251897344342375e+00 6.432841783295099869e-02
5.062252376811636090e+00 6.501144978536992081e-02
5.140072330638750131e+00 6.560964898855116412e-02
5.217900146488099189e+00 6.614010274805248724e-02
5.295892438304103500e+00 6.661402255464497768e-02
5.374173526075956886e+00 6.704008376752042253e-02
5.452836788511709720e+00 6.742508857028838010e-02
5.531944399502447318e+00 6.777407412819411170e-02
5.611527390490267386e+00 6.809052256640120426e-02
5.691580365456909263e+00 6.837641997400088767e-02
5.772064025426615785e+00 6.863021173181187151e-02
5.852914283733184675e+00 6.884590972986345814e-02
5.933946180000062576e+00 6.904464019618018755e-02
6.014610208874409558e+00 6.932686789329974009e-02
6.094939605530131921e+00 6.961846306613421465e-02
6.178294151791646982e+00 6.924943902631527926e-02
6.262647989401069815e+00 6.835090491460675544e-02
6.321514974142998788e+00 6.826083601353689911e-02
6.357390390993746365e+00 6.825171019988074406e-02
6.391866742505829535e+00 6.823271934500539648e-02
6.444373740553863250e+00 6.814709572714565400e-02
6.514360718153891838e+00 6.842254973840565524e-02
6.590270413765972002e+00 6.881242446902835486e-02
6.668736452562110451e+00 6.901276424691771272e-02
6.747296299249623708e+00 6.911694036766315163e-02
6.825485431356676180e+00 6.918235906399733404e-02
6.903413511761080201e+00 6.923840737924150113e-02
6.981282471960245317e+00 6.929487603506222226e-02
7.059270437387960229e+00 6.935460769379608870e-02
7.137516920689260580e+00 6.941865018422894995e-02
7.216125830679649411e+00 6.948728767532251493e-02
7.295167707210525876e+00 6.956005900389165830e-02
7.374680249338745774e+00 6.963611455351269297e-02
7.454662425574472451e+00 6.971436287809006094e-02
7.535089283098219681e+00 6.978769202291537632e-02
7.615949505808723430e+00 6.983494159636666199e-02
7.697048533052517350e+00 6.987266938186219301e-02
7.777459374176815210e+00 7.005377660283594599e-02
7.857110996612083120e+00 7.033673198262604953e-02
7.941183665119218915e+00 6.996972627420151858e-02
8.028699005535008482e+00 6.894056468612795585e-02
8.088565419558165104e+00 6.879158180761563157e-02
8.124674898253921640e+00 6.871377624809053841e-02
8.158993162700683754e+00 6.863002767137814375e-02
8.210767068724077689e+00 6.848540996457812280e-02
8.278867496866286757e+00 6.869361361419881740e-02
8.353486898645952508e+00 6.904294890256866546e-02
8.431724809625752215e+00 6.923065764099331498e-02
8.510421318939016544e+00 6.932174679259164862e-02
8.588794710694042323e+00 6.936498956467233856e-02
8.666837645451391126e+00 6.939676567066260793e-02
8.744750277443586128e+00 6.943049604752177251e-02
8.822731309736402849e+00 6.947011648981273046e-02
8.900937702225306225e+00 6.951661133619012334e-02
8.979485640751638797e+00 6.956992255234963063e-02
9.058455151042332787e+00 6.962923493822890941e-02
9.137890048356659634e+00 6.969404918275154404e-02
9.217788212786802049e+00 6.976538017007305470e-02
9.298137896398575464e+00 6.983510449498409045e-02
9.379017556302802205e+00 6.986609215379716020e-02
9.460261265655070417e+00 6.986671827248065736e-02
9.540431589954120994e+00 7.004831672031655576e-02
9.619166917534570871e+00 7.042036291354729360e-02
9.703536167307200699e+00 7.017294804098403449e-02
9.794400490366125922e+00 6.909300502413542877e-02
9.855498434922173701e+00 6.892048325860226921e-02
9.892015545573864088e+00 6.879539737193104965e-02
9.926295779055456237e+00 6.866982641449838332e-02
9.977406623797156371e+00 6.849872982734149518e-02
1.004366054774959238e+01 6.867941712839942259e-02
