2.592592592592593004e-01 0.000000000000000000e+00
4.259259259259259300e-01 0.000000000000000000e+00
5.925925925925924487e-01 0.000000000000000000e+00
7.592592592592590783e-01 0.000000000000000000e+00
9.259259259259258190e-01 0.000000000000000000e+00
1.092592592592592338e+00 0.000000000000000000e+00
1.259259235072699878e+00 2.503029535795871709e-09
1.425922318953812162e+00 3.752311993123075202e-07
1.592562314637853360e+00 3.425500228781345590e-06
1.759142058863181424e+00 1.481253019962427092e-05
1.925611430492085496e+00 4.423883505759325623e-05
2.091913219150365322e+00 1.054548951911377536e-04
2.257991096376710249e+00 2.155099024730975678e-04
2.423799388395504462e+00 3.932236947660194002e-04
2.589313259642143095e+00 6.569366924652632984e-04
2.754537071215671151e+00 1.021718351739617486e-03
2.919508408375420583e+00 1.496379684571379123e-03
3.084295887742214859e+00 2.080818937960401960e-03
3.248990344563179367e+00 2.764363962403754930e-03
3.413687651160324243e+00 3.525732542314400156e-03
3.578461058237078163e+00 4.334932096073531617e-03
3.743346299351993256e+00 5.157032793886762514e-03
3.908338032854752342e+00 5.957046511401788667e-03
4.073393984996397599e+00 6.704706286805192823e-03
4.238447070779519876e+00 7.378003213092279231e-03
4.403423090902205850e+00 7.964799126472219687e-03
4.568260046924370599e+00 8.462471177289800084e-03
4.732924734815105339e+00 8.876057801797735541e-03
4.897422971593802465e+00 9.215594171208115956e-03
5.061801395184828856e+00 9.493262887017855575e-03
5.226140881199252242e+00 9.720774782164832636e-03
5.390537668207771027e+00 9.907560371277129851e-03
5.555064216364323570e+00 1.006099387257294690e-02
5.719751235342872775e+00 1.018702722347187596e-02
5.884586426789753411e+00 1.029051025236930872e-02
6.049519967904501527e+00 1.037542294501558188e-02
6.214477529059778682e+00 1.044504891991062702e-02
6.379378568280710482e+00 1.050210567039144317e-02
6.544155961792506915e+00 1.054884377399267076e-02
6.708772659557714846e+00 1.058712453863414754e-02
6.873231777795204778e+00 1.061848293655050235e-02
7.037578135741240359e+00 1.064418031330473420e-02
7.201891338273529009e+00 1.066524944741126940e-02
7.366266593689315911e+00 1.068253275084841622e-02
7.530775499994280864e+00 1.069671446633942320e-02
7.695448063388710125e+00 1.070835096825432584e-02
7.860271411317370394e+00 1.071789639740093614e-02
8.025195251363832938e+00 1.072572293644642565e-02
8.190144868861988670e+00 1.073213674439923646e-02
8.355039405394427021e+00 1.073739036416746992e-02
8.519811476718997412e+00 1.074169236206770107e-02
8.684423818363697478e+00 1.074521488889747592e-02
8.848879370246740095e+00 1.074809973624066793e-02
9.013222807040358830e+00 1.075046332086433166e-02
9.177533615470983008e+00 1.075240089231481976e-02
9.341906907609009991e+00 1.075399009362309512e-02
9.506414203392484552e+00 1.075529395788210260e-02
9.671085445603004871e+00 1.075636371727929468e-02
9.835907709960281409e+00 1.075724117535723987e-02
1.000083066168611268e+01 1.075796058133885250e-02
