3.999999999999999112e-01 0.000000000000000000e+00
5.999999999999998668e-01 0.000000000000000000e+00
8.000000000000000444e-01 0.000000000000000000e+00
1.000000000000000000e+00 0.000000000000000000e+00
1.199999999999999956e+00 0.000000000000000000e+00
1.399999999999999689e+00 0.000000000000000000e+00
1.599999999999999645e+00 0.000000000000000000e+00
1.799999999999999600e+00 0.000000000000000000e+00
1.999999999999999556e+00 0.000000000000000000e+00
2.199999999999999734e+00 0.000000000000000000e+00
2.399993970210542837e+00 6.810534817309823942e-07
2.599906615915085428e+00 1.110490083833280014e-05
2.799556180333231836e+00 5.924946176664559283e-05
2.998711811285711626e+00 1.944635210370253991e-04
3.197183213869847940e+00 4.800932552013436857e-04
3.394923224303142639e+00 9.761411399908557444e-04
3.592093815423287317e+00 1.715402290118683837e-03
3.789040562668337220e+00 2.681902042803354508e-03
3.986168509834420615e+00 3.804445782516125297e-03
4.183784502267637428e+00 4.974066358484804419e-03
4.381993396553733433e+00 6.079633858113300988e-03
4.580644167725080429e+00 7.041979257269686751e-03
4.779379463232506176e+00 7.829368975885589096e-03
4.977793934828153688e+00 8.451166147108739660e-03
5.175594592140501327e+00 8.938118352359846266e-03
5.372727920960985060e+00 9.321153546725515979e-03
5.569386399362593387e+00 9.623295311772204000e-03
5.765924968261960437e+00 9.862147193809121457e-03
5.962742828206581969e+00 1.005125993618986510e-02
6.160131317792731487e+00 1.020106446832423457e-02
6.358175358870312266e+00 1.031964967006838985e-02
6.556704948070660954e+00 1.041335740436375584e-02
6.755348301831281432e+00 1.048723576031423965e-02
6.953691059648646977e+00 1.054536325968364469e-02
7.151435311209947798e+00 1.059105040408244748e-02
7.348524373955707567e+00 1.062697186995575742e-02
7.545148086959294176e+00 1.065525691460434202e-02
7.741659296676713709e+00 1.067757326009993561e-02
7.938455580211765117e+00 1.069521203807318951e-02
8.135827031247345076e+00 1.070916599700103694e-02
8.333857616059527018e+00 1.072020126829656243e-02
8.532376590734626731e+00 1.072891521788903180e-02
8.731011587727738998e+00 1.073578133493756359e-02
8.929347777660662899e+00 1.074118115727055837e-02
9.127086871384975097e+00 1.074542380712685888e-02
9.324171881465446177e+00 1.074875864996647536e-02
9.520792405003740910e+00 1.075138396835764731e-02
9.717301099358087058e+00 1.075345492796649441e-02
9.914095395463073501e+00 1.075509157596806278e-02
1.011146527472291545e+01 1.075638617090192949e-02
