7.777777777777770962e-02 0.000000000000000000e+00
1.277777777777776846e-01 0.000000000000000000e+00
1.777777777777777568e-01 0.000000000000000000e+00
2.277777777777777457e-01 0.000000000000000000e+00
2.777777777777777901e-01 0.000000000000000000e+00
3.277777777777777790e-01 0.000000000000000000e+00
3.777777777777776569e-01 0.000000000000000000e+00
4.277777777777776458e-01 0.000000000000000000e+00
4.777777777777764134e-01 0.000000000000000000e+00
5.277777777775138901e-01 0.000000000000000000e+00
5.777777777424649708e-01 0.000000000000000000e+00
6.277777748908819344e-01 0.000000000000000000e+00
6.777776333313775270e-01 0.000000000000000000e+00
7.277733409367421746e-01 0.000000000000000000e+00
7.776939517962783155e-01 0.000000000000000000e+00
8.268188165727778927e-01 0.000000000000000000e+00
8.716168118578931923e-01 0.000000000000000000e+00
9.065992167432479487e-01 0.000000000000000000e+00
9.322281871530041508e-01 0.000000000000000000e+00
9.532675958255196758e-01 0.000000000000000000e+00
9.742875583615545620e-01 0.000000000000000000e+00
9.998447243302881482e-01 0.000000000000000000e+00
1.034670072716131539e+00 0.000000000000000000e+00
1.079243846306184196e+00 0.000000000000000000e+00
1.128193699339175016e+00 0.000000000000000000e+00
1.178047741579423047e+00 0.000000000000000000e+00
1.228049205969846902e+00 0.000000000000000000e+00
1.278075820994889256e+00 0.000000000000000000e+00
1.328097657442103063e+00 0.000000000000000000e+00
1.378109844982413179e+00 0.000000000000000000e+00
1.428115304513882577e+00 0.000000000000000000e+00
1.478117367514563796e+00 0.000000000000000000e+00
1.528118024651169193e+00 0.000000000000000000e+00
1.578118188528004673e+00 0.000000000000000000e+00
1.628118208876404793e+00 0.000000000000000000e+00
1.678118199307758296e+00 0.000000000000000000e+00
1.728118189444232566e+00 0.000000000000000000e+00
1.778118183788311324e+00 0.000000000000000000e+00
1.828118181197310399e+00 0.000000000000000000e+00
1.878118180180388119e+00 0.000000000000000000e+00
1.928118179832335688e+00 0.000000000000000000e+00
1.978118174052951650e+00 6.842525190520539614e-10
2.028117730677415409e+00 5.458747734453568143e-08
2.078114737158110348e+00 4.338929526534410699e-07
2.128105012283029396e+00 1.739551198575625208e-06
2.178082318694191777e+00 4.974082195254791161e-06
2.228038396501379026e+00 1.160572879290386034e-05
2.277962965334581202e+00 2.362101764818607381e-05
2.327843572474278755e+00 4.356645576052712638e-05
2.377665208952199016e+00 7.458220970356139892e-05
2.427410086424473423e+00 1.204293653414018745e-04
2.477059493237415477e+00 1.854919492590125169e-04
2.526601907004836001e+00 2.746669230400054481e-04
2.576046172415364932e+00 3.929911326107757459e-04
2.625368114507925732e+00 5.450170193744574045e-04
2.673893392023900972e+00 7.327251106796813917e-04
2.718092747985193292e+00 9.426038693102513615e-04
2.752496461828268792e+00 1.136414080373994440e-03
2.777597195100936389e+00 1.297284049820454080e-03
2.798121640096457252e+00 1.442365697449111408e-03
2.818549723964028253e+00 1.599772888331084863e-03
2.843287480776030662e+00 1.808876459010538189e-03
2.876847676580741808e+00 2.127184510225465890e-03
2.919637700211315412e+00 2.594721025800328807e-03
2.966535674128129685e+00 3.191211492982860918e-03
3.014253283318125920e+00 3.893837395997676743e-03
3.062031886730498975e+00 4.701083352625198136e-03
3.109707715274503403e+00 5.617616139859992266e-03
3.157237948328210031e+00 6.648406942841894769e-03
3.204631310971053360e+00 7.797653587471174881e-03
3.251915406555157873e+00 9.068247126111499481e-03
3.299121111987143085e+00 1.046131639036798448e-02
3.346278333916934855e+00 1.197589306320373699e-02
3.393415629095912767e+00 1.360868200711556376e-02
3.440560312696660183e+00 1.535391643533222557e-02
3.487738286746414840e+00 1.720330045330299706e-02
3.534973628287532588e+00 1.914605386651481098e-02
3.582288093345062041e+00 2.116907281949121158e-02
3.629700653448463488e+00 2.325721042909601952e-02
3.677227137436091642e+00 2.539366852417474646e-02
3.724880018750960087e+00 2.756047954735132630e-02
3.772668338398600607e+00 2.973905262174703773e-02
3.820597340810543585e+00 3.191073818653483024e-02
3.868667420334511942e+00 3.405735498147371282e-02
3.916873971244866581e+00 3.616171937390097457e-02
3.965207669544868363e+00 3.820813971143239424e-02
4.013654761206207233e+00 4.018286302566242280e-02
4.062197050146680866e+00 4.207454235312537566e-02
4.110810928799808472e+00 4.387487048593876476e-02
4.159465071141563719e+00 4.557937293525365918e-02
4.208119649261075956e+00 4.718731847494502668e-02
4.256739233825352464e+00 4.869734608966792139e-02
4.305338999621584506e+00 5.009494397669314592e-02
4.354044928211409093e+00 5.134025557118552380e-02
4.402982606526740561e+00 5.239125360396958836e-02
4.451410868753892913e+00 5.327161468316057857e-02
4.495466298918224801e+00 5.403905798189353321e-02
4.529570382110904347e+00 5.465208336996846966e-02
4.554348188047805834e+00 5.509924553039798750e-02
4.574562279865085124e+00 5.545387631131056677e-02
4.594651829278249444e+00 5.579139348737317122e-02
4.618947675061053637e+00 5.617827149305574391e-02
4.651852282724391330e+00 5.667646328168206987e-02
4.693729278297543495e+00 5.730081321777758668e-02
4.739648847021332045e+00 5.798617331830201865e-02
4.786579388807109758e+00 5.864131791553572198e-02
4.833789411313299311e+00 5.922548418789791436e-02
4.881008933132924277e+00 5.974451495087684111e-02
4.928121590164147747e+00 6.021350492242839858e-02
4.975114885426457079e+00 6.064254525501749926e-02
5.022016614567460735e+00 6.103738624751826880e-02
5.068861753703808759e+00 6.140177027426476503e-02
5.115683697154554288e+00 6.173858350685942215e-02
5.162513362990049259e+00 6.205028055981118978e-02
5.209379442697154694e+00 6.233903788536992313e-02
5.256308417261283950e+00 6.260680944262420056e-02
5.303324298528655056e+00 6.285534961656868980e-02
5.350448240999538640e+00 6.308622906548627673e-02
5.397698156792801960e+00 6.330084993274047445e-02
5.445088433431014785e+00 6.350045818005754794e-02
5.492629810741500584e+00 6.368615172189605322e-02
5.540329389311872355e+00 6.385889215280343700e-02
5.588190325470573150e+00 6.401952488249486317e-02
5.636210847269928159e+00 6.416878985881441233e-02
5.684384209615552130e+00 6.430731548858104052e-02
5.732699102135305758e+00 6.443560943803991470e-02
5.781140007796667923e+00 6.455410096247866936e-02
5.829686761019654995e+00 6.466342748819274566e-02
5.878311684303027640e+00 6.476528430786188117e-02
5.926973510335018958e+00 6.486373855489972751e-02
5.975615021442250985e+00 6.496500709197954027e-02
6.024190100551238380e+00 6.507066265226829627e-02
6.072754284860537588e+00 6.516103542007939398e-02
6.121570769312851823e+00 6.518358090501916169e-02
6.170926449038355521e+00 6.508922793656615746e-02
6.219991597262150229e+00 6.492898768454739844e-02
6.264508169015092776e+00 6.484155581108391742e-02
6.298756886477641537e+00 6.484608697810161082e-02
6.323536470107451457e+00 6.487245787589251966e-02
6.343710988470811607e+00 6.489392856401748899e-02
6.363736473327977983e+00 6.490849602883246028e-02
6.387926885510066377e+00 6.491603593640715708e-02
6.420631542792439639e+00 6.492259732506423797e-02
6.462158116953132136e+00 6.496259585753756671e-02
6.507677393804621957e+00 6.506024524703288292e-02
6.554368184355970683e+00 6.516531595959890177e-02
6.601528841448078389e+00 6.524017879610519155e-02
6.648789957570088838e+00 6.528880769682944563e-02
6.695961964426826007e+00 6.532370245394217290e-02
6.743007299259758724e+00 6.535209848219959705e-02
6.789949347154365711e+00 6.537718333497641310e-02
6.836823993005836542e+00 6.540037363605122334e-02
6.883666546581618029e+00 6.542233670205871432e-02
6.930509732329888095e+00 6.544342713809238321e-02
6.977383649108088726e+00 6.546388314221412985e-02
7.024315827509350463e+00 6.548389534462908945e-02
7.071331098704666474e+00 6.550361992753882256e-02
7.118451303768805083e+00 6.552317737506738182e-02
7.165694962009881763e+00 6.554265035830747488e-02
7.213077022271568772e+00 6.556208034301844179e-02
7.260608771081701995e+00 6.558146254264118902e-02
7.308297853960489476e+00 6.560074798586779110e-02
7.356147947956329425e+00 6.561985717731474987e-02
7.404157773416864430e+00 6.563868122703835073e-02
7.452321126281914232e+00 6.565704518426300484e-02
7.500627478258013348e+00 6.567463662261939505e-02
7.549062548046499010e+00 6.569097738011228649e-02
7.597607383680953674e+00 6.570574909534530883e-02
7.646232806148663741e+00 6.571998790102571986e-02
7.694887774819766157e+00 6.573803504594916136e-02
7.743494247303035038e+00 6.576751700621040475e-02
7.791991080509292900e+00 6.581116896760504098e-02
7.840475330380292540e+00 6.584781306462451911e-02
7.889357299986474281e+00 6.582019200056818398e-02
7.939100614030701664e+00 6.567413762536139510e-02
7.988791957431550017e+00 6.546296491163695885e-02
8.033764823790145115e+00 6.533513571496123162e-02
8.068157015294039169e+00 6.531081480969681829e-02
8.092940544373945500e+00 6.531593701103559357e-02
8.113078490594430647e+00 6.531984398821065463e-02
8.133042689480905807e+00 6.531720751417792459e-02
8.157129266136516677e+00 6.530494129278335835e-02
8.189631895047435606e+00 6.528713484261414179e-02
8.230799351205677183e+00 6.529971701167541775e-02
8.275902930798171298e+00 6.536989406336495001e-02
8.322332012699680703e+00 6.544969964709093646e-02
8.369419607745872014e+00 6.550242918722731789e-02
8.416702236377014756e+00 6.553151487054963142e-02
8.463919481287240032e+00 6.554834261106429194e-02
8.511007638003690090e+00 6.555953414400149393e-02
8.557983225306678321e+00 6.556829757818112558e-02
8.604881346579153600e+00 6.557622506824464792e-02
8.651738615942869970e+00 6.558405610470099956e-02
8.698589499754309173e+00 6.559211486299981742e-02
8.745465581922340803e+00 6.560056482950252232e-02
8.792395516211875872e+00 6.560951319138841331e-02
8.839404995919998953e+00 6.561903755435044561e-02
8.886516565765099074e+00 6.562918827737156124e-02
8.933749353106939850e+00 6.563998612415189449e-02
8.981118860612356869e+00 6.565141754737158220e-02
9.028636908659088078e+00 6.566342931290398977e-02
9.076311664188379424e+00 6.567593298101796762e-02
9.124147277848393855e+00 6.568882286918943658e-02
9.172142885797059719e+00 6.570197587984957788e-02
9.220292765735612406e+00 6.571518956225909369e-02
9.268587296202319692e+00 6.572804128691510372e-02
9.317014007445463264e+00 6.573977099711854344e-02
9.365556227896695063e+00 6.574964028243651670e-02
9.414183974713212777e+00 6.575851411764815913e-02
9.462834766364640160e+00 6.577153056757147065e-02
9.511404410251506292e+00 6.579832382493160103e-02
9.559810755212780009e+00 6.584343576469051107e-02
9.608192388580377497e+00 6.588495194367956220e-02
9.657115841746533036e+00 6.586181754258228771e-02
9.707236916934052218e+00 6.571501714304973929e-02
9.757563893325039928e+00 6.549879641211303616e-02
9.803005889439079468e+00 6.536801281401974362e-02
9.837553233172494416e+00 6.534119848567322697e-02
9.862351462537491287e+00 6.534317174287165852e-02
9.882462346574401479e+00 6.534381518386302157e-02
9.902374112483764534e+00 6.533784171472575841e-02
9.926365382610160992e+00 6.532208443511355878e-02
9.958672798340121091e+00 6.530109322748725575e-02
9.999483365363214915e+00 6.531141635934729905e-02
1.004416748506937473e+01 6.537938042872751265e-02
