7.777777777777776791e-01 0.000000000000000000e+00
1.277777777777777679e+00 0.000000000000000000e+00
1.777749348093664139e+00 1.441494195816430893e-05
2.277100798688963756e+00 3.428883827549587641e-04
2.774368270763681199e+00 1.719263760042625579e-03
3.268885859217295575e+00 4.453193486690655047e-03
3.762276228218386365e+00 7.595354671412011399e-03
4.256503883331624216e+00 9.695060298625563650e-03
4.751076368196975430e+00 1.038959248970530713e-02
5.244629114198933628e+00 1.040149057403325084e-02
5.737863931464976197e+00 1.034915712304628095e-02
6.232218325156468453e+00 1.033438141429097491e-02
6.726882354764208927e+00 1.033565470519197567e-02
7.220448248436956540e+00 1.033736212791320531e-02
7.713678774219490109e+00 1.033775557203027266e-02
8.208031012743667532e+00 1.033752484665831708e-02
8.702695131166386489e+00 1.033737861139787106e-02
9.196261039856818087e+00 1.033752639113691245e-02
9.689491368437920471e+00 1.033763685316680704e-02
1.018384374673634518e+01 1.033748261906729075e-02
