1.555555555555555025e-01 0.000000000000000000e+00
2.555555555555554803e-01 0.000000000000000000e+00
3.555555555555554581e-01 0.000000000000000000e+00
4.555555555555554359e-01 0.000000000000000000e+00
5.555555555555553582e-01 0.000000000000000000e+00
6.555555555555555580e-01 0.000000000000000000e+00
7.555555555555553138e-01 0.000000000000000000e+00
8.555555555555555136e-01 0.000000000000000000e+00
9.555555555555554914e-01 0.000000000000000000e+00
1.055555555555555358e+00 0.000000000000000000e+00
1.155555555555555447e+00 0.000000000000000000e+00
1.255555436619806509e+00 2.038666157248078347e-08
1.355553669512731707e+00 3.308382695766113102e-07
1.455546181501814251e+00 1.732656116862029452e-06
1.555526532037888154e+00 5.671432145372203703e-06
1.655486188309654105e+00 1.429321619830850327e-05
1.755414835087889092e+00 3.045696615510460782e-05
1.855300764910041478e+00 5.770181658177468053e-05
1.955131374105754327e+00 1.001676673616425019e-04
2.054893773409582902e+00 1.624683124450867068e-04
2.154575505128280888e+00 2.495178189724630777e-04
2.254165341040065051e+00 3.663131017724477294e-04
2.353654117193192619e+00 5.176785488008513745e-04
2.453035545512654014e+00 7.079820296057741163e-04
2.552306930283369635e+00 9.408354944380612405e-04
2.651469712980547566e+00 1.218797381826382557e-03
2.750529773912364195e+00 1.543097777934572448e-03
2.849497434929082917e+00 1.913410089548637973e-03
2.948387133508740376e+00 2.327694084830371837e-03
3.047216772289503606e+00 2.782133611275265650e-03
3.146006785118792948e+00 3.271187343528087973e-03
3.244778880745626370e+00 3.787761553695766052e-03
3.343553553473716189e+00 4.323496431385468602e-03
3.442347770207333735e+00 4.869157894773511186e-03
3.541174048140566910e+00 5.415114480625142501e-03
3.640039838466361921e+00 5.951852243358524835e-03
3.738947222651991531e+00 6.470479716156598768e-03
3.837893000488150630e+00 6.963176129150199824e-03
3.936869191550337543e+00 7.423543409414140072e-03
4.035863922403529536e+00 7.846835360282087071e-03
4.134862631406417854e+00 8.230053247771958527e-03
4.233849492645892276e+00 8.571912785150882785e-03
4.332808941243364131e+00 8.872700523158055796e-03
4.431727174245446044e+00 9.134046175537306744e-03
4.530593504274198047e+00 9.358640862355121007e-03
4.629401456507499013e+00 9.549930128635059079e-03
4.728149522548524608e+00 9.711806110849624529e-03
4.826841515975269559e+00 9.848316904330267976e-03
4.925486511610412066e+00 9.963404498192194453e-03
5.024098390432110151e+00 1.006067675864706461e-02
5.122695050044329790e+00 1.014321461669496181e-02
5.221297188151666546e+00 1.021342801587025138e-02
5.319924826252782957e+00 1.027316412203014423e-02
5.418593800023012719e+00 1.032396461148178679e-02
5.517314949607313501e+00 1.036714155127918882e-02
5.616093718095576115e+00 1.040381576660390738e-02
5.714930005823442905e+00 1.043494700978806269e-02
5.813818383196999839e+00 1.046135809093825045e-02
5.912748693076880002e+00 1.048375450278886574e-02
6.011707017919057705e+00 1.050274065256602725e-02
6.110676944016691259e+00 1.051883351711516319e-02
6.209641024651684660e+00 1.053247431904621480e-02
6.308582325426055348e+00 1.054403865620145812e-02
6.407485927986089180e+00 1.055384539057333503e-02
6.506340272089936150e+00 1.056216450781562004e-02
6.605138229758684254e+00 1.056922408905346111e-02
6.703877828230249136e+00 1.057521648793303438e-02
6.802562569335316667e+00 1.058030377314780716e-02
6.901201329636689863e+00 1.058462247576656343e-02
6.999807864968648374e+00 1.058828766800554676e-02
7.098399980489139338e+00 1.059139639314145113e-02
7.196998276690123930e+00 1.059403050986825606e-02
7.295622669624009404e+00 1.059625951880884508e-02
7.394288902508532324e+00 1.059814304469352229e-02
7.493007737218018605e+00 1.059973240735068330e-02
7.591784550772164408e+00 1.060107191774005073e-02
7.690619187778307442e+00 1.060219995402620838e-02
7.789506171583933991e+00 1.060314981876142419e-02
7.888435305206469295e+00 1.060395040164486234e-02
7.987392637248079907e+00 1.060462668291750447e-02
8.086361725133805578e+00 1.060520011598071154e-02
8.185325097463703514e+00 1.060568892700160075e-02
8.284265798722563190e+00 1.060610836558182300e-02
8.383168892528859217e+00 1.060647093503545163e-02
8.482022803340248274e+00 1.060678662417474487e-02
8.580820390323101066e+00 1.060706315535776996e-02
8.679559670075679634e+00 1.060730625630444852e-02
8.778244135798805914e+00 1.060751995626745339e-02
8.876882657235379170e+00 1.060770690088843650e-02
8.975488985000680486e+00 1.060786867495809409e-02
9.074080920406812467e+00 1.060800611876573478e-02
9.172679061212148710e+00 1.060811965929112435e-02
9.271303321458445268e+00 1.060821002149557948e-02
9.369969442684972449e+00 1.060827875237560676e-02
9.468688185196752372e+00 1.060832807706735964e-02
9.567464924400800541e+00 1.060836076012645728e-02
9.666299503146488448e+00 1.060837998252426966e-02
9.765186442825214641e+00 1.060838919622512401e-02
9.864115544294735471e+00 1.060839194903053471e-02
9.963072853832143139e+00 1.060839168801846338e-02
1.006204192644690920e+01 1.060839155734029197e-02
