7.777777777777776791e-01 0.000000000000000000e+00
1.277777777777777679e+00 0.000000000000000000e+00
1.777749193964137220e+00 5.123485953306921037e-06
2.277100117420827186e+00 1.257246667899018214e-04
2.774421773304368344e+00 7.057978660306591647e-04
3.269196385003123595e+00 2.118827243396036609e-03
3.763136554337120465e+00 4.284367813415382656e-03
4.258016590887117481e+00 6.540322513089637073e-03
4.752950408913929614e+00 8.251405735696944188e-03
5.246480883171379617e+00 9.311319678250364051e-03
5.739649292984599249e+00 9.928279773323949939e-03
6.234117331614315916e+00 1.028388727178611295e-02
6.728848692276848453e+00 1.048786679337739003e-02
7.222271449210269978e+00 1.060453436884385356e-02
7.715379323508939180e+00 1.067136806505252118e-02
8.209812862246478105e+00 1.070972186302483753e-02
8.704524536533716272e+00 1.073168227816552293e-02
9.197936063963290110e+00 1.074423106427138674e-02
9.691037515107359113e+00 1.075141596664257009e-02
1.018546737145456937e+01 1.075553785145997622e-02
