1.555555555555555025e-01 0.000000000000000000e+00
2.555555555555554803e-01 0.000000000000000000e+00
3.555555555555554581e-01 0.000000000000000000e+00
4.555555555555554359e-01 0.000000000000000000e+00
5.555555555555553582e-01 0.000000000000000000e+00
6.555555555555555580e-01 0.000000000000000000e+00
7.555555555555553138e-01 0.000000000000000000e+00
8.555555555555555136e-01 0.000000000000000000e+00
9.555555555555554914e-01 0.000000000000000000e+00
1.055555555555555358e+00 0.000000000000000000e+00
1.155555555555555447e+00 0.000000000000000000e+00
1.255555426633882643e+00 1.081314597760680882e-08
1.355553518498331611e+00 1.776647222908227741e-07
1.455545514304039445e+00 9.559956677829215423e-07
1.555524730623679686e+00 3.219380084572982008e-06
1.655482459679914253e+00 8.334971926128072065e-06
1.755408313494327910e+00 1.820902341274391629e-05
1.855290635725356019e+00 3.530006982623247393e-05
1.955117012430426016e+00 6.259757241800525908e-05
2.054874891016915672e+00 1.035642865477034931e-04
2.154552297899589686e+00 1.620414394419852715e-04
2.254138627012239215e+00 2.421170029935958493e-04
2.353625453546188684e+00 3.479589645999798522e-04
2.453007311905543553e+00 4.836175654106546987e-04
2.552282366426569471e+00 6.528030142053620156e-04
2.651452900538575186e+00 8.586481761586365561e-04
2.750525556802538851e+00 1.103469051241431388e-03
2.849511277498017581e+00 1.388539185805620288e-03
2.948424922274149651e+00 1.713896953359218519e-03
3.047284573048294920e+00 2.078206120732461765e-03
3.146110572317779575e+00 2.478689401285012663e-03
3.244924247853833599e+00 2.911150465016562952e-03
3.343745319066766974e+00 3.370088056851119548e-03
3.442589582885168475e+00 3.848907759809146525e-03
3.541468154777414057e+00 4.340227628082771877e-03
3.640386975653025825e+00 4.836249621065450734e-03
3.739346609619640827e+00 5.329164026737638962e-03
3.838342425446467310e+00 5.811549683388718933e-03
3.937365183448348738e+00 6.276733316088298383e-03
4.036401995825650957e+00 6.719077252123627046e-03
4.135437587246943991e+00 7.134174847423042400e-03
4.234455752941192586e+00 7.518945028534037081e-03
4.333440893891157941e+00 7.871629121563018111e-03
4.432379502746378819e+00 8.191702675897078248e-03
4.531261479265838332e+00 8.479721138364228888e-03
4.630081169630909876e+00 8.737120707158738814e-03
4.728838048720573006e+00 8.965994947521404787e-03
4.827536996807881842e+00 9.168864703257230755e-03
4.926188159714528503e+00 9.348454580352182075e-03
5.024806420815105312e+00 9.507484830731318878e-03
5.123410550010237152e+00 9.648483623297081715e-03
5.222021919492399356e+00 9.773630862952629658e-03
5.320660777516238227e+00 9.884755333560020160e-03
5.419342664329041881e+00 9.983447135914260209e-03
5.518077829386699662e+00 1.007110236220119803e-02
5.616870967953489391e+00 1.014895113697376894e-02
5.715721163418936435e+00 1.021808079521878930e-02
5.814622173482904444e+00 1.027945517943774228e-02
5.913563100536291195e+00 1.033393075100879840e-02
6.012529420853042872e+00 1.038227006169666067e-02
6.111504300923504829e+00 1.042515304246134297e-02
6.210470098100720371e+00 1.046318650389421040e-02
6.309409925018560017e+00 1.049691218944036157e-02
6.408309151866234288e+00 1.052681367223890982e-02
6.507156726500316957e+00 1.055332233718386109e-02
6.605946208444635204e+00 1.057682264240617127e-02
6.704676437847258086e+00 1.059765681042353774e-02
6.803351792830672373e+00 1.061612906017719848e-02
6.901982026046279195e+00 1.063250945798361290e-02
7.000581710284716763e+00 1.064703743830618630e-02
7.099169359388274536e+00 1.065992502396931677e-02
7.197766116405476033e+00 1.067135973957314410e-02
7.296392017924119067e+00 1.068150706606385905e-02
7.395062415861759497e+00 1.069051284337177443e-02
7.493787393098295446e+00 1.069850575330736839e-02
7.592571497537545788e+00 1.070559949329143688e-02
7.691413682163495302e+00 1.071189466198547470e-02
7.790307589210357264e+00 1.071748039865768297e-02
7.889242218755101455e+00 1.072243580460820536e-02
7.988202956332776772e+00 1.072683117037437350e-02
8.087172887888621986e+00 1.073072903112851431e-02
8.186134299221116351e+00 1.073418507225331123e-02
8.285070239356020494e+00 1.073724890646239258e-02
8.383966021916652522e+00 1.073996474264548966e-02
8.482810544452409118e+00 1.074237196484193607e-02
8.581597321757781671e+00 1.074450563751411930e-02
8.680325154234479257e+00 1.074639695082546011e-02
8.778998384718041947e+00 1.074807361712877378e-02
8.877626734567170885e+00 1.074956022748414439e-02
8.976224748856552083e+00 1.075087857489278806e-02
9.074810916910392322e+00 1.075204794907601985e-02
9.173406360112116076e+00 1.075308540414389447e-02
9.272031095945516554e+00 1.075400598466059489e-02
9.370700459502835145e+00 1.075482294571698111e-02
9.469424518827114667e+00 1.075554797986205333e-02
9.568207808720069707e+00 1.075619141564532200e-02
9.667049270578678133e+00 1.075676238973667306e-02
9.765942536374568661e+00 1.075726899647422991e-02
9.864876597081392973e+00 1.075771841745787327e-02
9.963836830147817736e+00 1.075811703337867416e-02
1.006280631432726125e+01 1.075847052014733581e-02
