4.924422794821626259e-01 0.000000000000000000e+00
8.459956700754363013e-01 0.000000000000000000e+00
1.199549060668710032e+00 0.000000000000000000e+00
1.553102451261983763e+00 0.000000000000000000e+00
1.906651769151239906e+00 3.147534081644487678e-06
2.260079910532169389e+00 9.996282672166400282e-05
2.613009132188862882e+00 5.829509385966340565e-04
2.964982207080606891e+00 1.809166730378167958e-03
3.315834194090763631e+00 3.916379809150844632e-03
3.665977394668916478e+00 6.598683528421539317e-03
4.016272861585442833e+00 9.191079516235838368e-03
4.367507961481424950e+00 1.106741999188575257e-02
4.719937469922887097e+00 1.201051101621040777e-02
5.073173481764947645e+00 1.231041796139517065e-02
5.426387470084415021e+00 1.260515022775124047e-02
5.778827386389671084e+00 1.348212105544811454e-02
6.130279242722220800e+00 1.513128922216463480e-02
6.481135809161093775e+00 1.728800632019563202e-02
6.832166282655202316e+00 1.937329946638890674e-02
7.184038223596730610e+00 2.084169609825175379e-02
7.536942155668649335e+00 2.150342645144400974e-02
7.890527693279006272e+00 2.161013684812875674e-02
8.244083198397477830e+00 2.171658341049104851e-02
8.596973748642811941e+00 2.233401181601659194e-02
8.949035330598826832e+00 2.362811982297800123e-02
9.300623286168724135e+00 2.536899621014002473e-02
9.652389155027735868e+00 2.705304148203770478e-02
1.000486684138303239e+01 2.820553036733989410e-02
1.035818554734729702e+01 2.866082725534599418e-02
1.071204574094122641e+01 2.863704702704577068e-02
1.106586900405278406e+01 2.861613082269285485e-02
1.141914824537639284e+01 2.904267221119001541e-02
1.177176841443326438e+01 3.006112098640354585e-02
1.212403753661325112e+01 3.147195009189100723e-02
1.247647969343672791e+01 3.283751864723528230e-02
1.282949305814001484e+01 3.374503138499584942e-02
1.318314987059596533e+01 3.405003244010383623e-02
1.353720667968876334e+01 3.394140480284803252e-02
1.389122160059798006e+01 3.383749890314707159e-02
1.424481585029596431e+01 3.412466725739417978e-02
1.459792061481018699e+01 3.492877675666793136e-02
1.495079296850112804e+01 3.607683702481673249e-02
1.530382953504251731e+01 3.718883077220935113e-02
1.565729765329391476e+01 3.790607429967558090e-02
1.601121762264693871e+01 3.810265967809200321e-02
1.636540240013660608e+01 3.794202877782262839e-02
1.671954227077073085e+01 3.778708894500561882e-02
1.707338127702770691e+01 3.797337882245633428e-02
1.742689324499700732e+01 3.861053245923251609e-02
1.778028448733025613e+01 3.954869400992793577e-02
1.813382988908754356e+01 4.045810335236131594e-02
1.848767468353850418e+01 4.102727795831712099e-02
1.884179242106758068e+01 4.114652718812961130e-02
1.919604997439484961e+01 4.095718844134404318e-02
1.955026121335380651e+01 4.077390404419473091e-02
1.990428431963099243e+01 4.088794037194392467e-02
2.025813181996841905e+01 4.139476500709796114e-02
2.061196167637326226e+01 4.216465516270059832e-02
2.096593582152925705e+01 4.291161684654800496e-02
2.132008793406489744e+01 4.336528252541914374e-02
2.167434987708205085e+01 4.343012393643989888e-02
2.202863845800503029e+01 4.322830194771933726e-02
2.238288052075709444e+01 4.303249782809655949e-02
2.273703824336439538e+01 4.309545059124453986e-02
2.309115888965733987e+01 4.350027389253231791e-02
2.344535566337943777e+01 4.413473854042988809e-02
2.379968771037715314e+01 4.475091516273513315e-02
2.415408827572122874e+01 4.511420854067013653e-02
2.450845229767177003e+01 4.514144692217977872e-02
2.486274188280301445e+01 4.493817555029136490e-02
2.521698557232468474e+01 4.474063425181627751e-02
2.557123901867482019e+01 4.476806622447335182e-02
2.592558041938120894e+01 4.509281798434576494e-02
2.628008233236011648e+01 4.561784041831335595e-02
2.663471161765909656e+01 4.612827536751303720e-02
2.698931202767752069e+01 4.642062305936035110e-02
2.734374595387138029e+01 4.642248515261801489e-02
2.769801601871766294e+01 4.622502452674927959e-02
2.805224132893430422e+01 4.603285982313246039e-02
2.840656074912795503e+01 4.603613493172443311e-02
2.876107986608520761e+01 4.629781626808154860e-02
2.911583481636410653e+01 4.673401296492117607e-02
2.947071039128935510e+01 4.715857572373303302e-02
2.982547118753450377e+01 4.739501556038498709e-02
3.017995101141246295e+01 4.738032229853144511e-02
