1.296296296296296502e-01 0.000000000000000000e+00
2.129629629629630205e-01 0.000000000000000000e+00
2.962962962962961688e-01 0.000000000000000000e+00
3.796296296296297057e-01 0.000000000000000000e+00
4.629629629629628540e-01 0.000000000000000000e+00
5.462962962962961688e-01 0.000000000000000000e+00
6.296296296296293171e-01 0.000000000000000000e+00
7.129629629629629095e-01 0.000000000000000000e+00
7.962962962962960578e-01 0.000000000000000000e+00
8.796296296296296502e-01 0.000000000000000000e+00
9.629629629629627985e-01 0.000000000000000000e+00
1.046296296296296280e+00 0.000000000000000000e+00
1.129629629629629317e+00 0.000000000000000000e+00
1.212962938940434610e+00 3.595307159298348005e-09
1.296295684051653962e+00 9.293643078124146693e-08
1.379626102732960824e+00 5.622277254130238318e-07
1.462951222133505036e+00 1.977976572054712492e-06
1.546266976714584018e+00 5.213112989449060985e-06
1.629568320856551900e+00 1.146732584722121678e-05
1.712849355830914577e+00 2.227330812556912863e-05
1.796103483640268283e+00 3.948846071531324263e-05
1.879323595338204367e+00 6.527159387748736753e-05
1.962502297435693821e+00 1.020442874996383006e-04
2.045632176123377111e+00 1.524368307056931597e-04
2.128706094991961173e+00 2.192190578036030122e-04
2.211717517713159609e+00 3.052169254989968027e-04
2.294660842955038138e+00 4.132163261365696233e-04
2.377531734996213508e+00 5.458563894886409376e-04
2.460327430510869995e+00 7.055153710746741181e-04
2.543047000287006032e+00 8.941931269181431453e-04
2.625691544638531383e+00 1.113395083840860566e-03
2.708264303284163788e+00 1.364023456204165171e-03
2.790770664606526896e+00 1.646282129299992802e-03
2.873218065335070293e+00 1.959601992300261976e-03
2.955615779397163134e+00 2.302593408665836762e-03
3.037974603266595963e+00 2.673031815095664333e-03
3.120306453719360551e+00 3.067881039404373594e-03
3.202623878286074977e+00 3.483356671427875924e-03
3.284939078644518951e+00 3.915026675732581271e-03
3.367262729624479700e+00 4.357947081122288610e-03
3.449603526845963053e+00 4.806832184444058582e-03
3.531967893923493751e+00 5.256246908387224824e-03
3.614359764768985350e+00 5.700808776934289390e-03
3.696780477451602653e+00 6.135386497311150211e-03
3.779228800289311518e+00 6.555282261654406424e-03
3.861701097223966705e+00 6.956386358305940640e-03
3.944191627615887707e+00 7.335295308450798246e-03
4.026692965399357504e+00 7.689388141545733593e-03
4.109196514262489330e+00 8.016859117912262730e-03
4.191693089333752731e+00 8.316708718125771435e-03
4.274173531868873610e+00 8.588697643123753209e-03
4.356629321642143005e+00 8.833270638507671052e-03
4.439053152100892241e+00 9.051458062300454799e-03
4.521439435748832558e+00 9.244763297207260130e-03
4.603784711562637355e+00 9.415043520376639025e-03
4.686087932348217855e+00 9.564390208435927243e-03
4.768350617555153548e+00 9.695014318159776365e-03
4.850576865805641624e+00 9.809139573366883191e-03
4.932773230712680146e+00 9.908905896064176821e-03
5.014948472753793851e+00 9.996283881170723098e-03
5.097113208210340751e+00 1.007300041091646094e-02
5.179279448654080298e+00 1.014047711179250945e-02
5.261459284357709265e+00 1.019984839052138353e-02
5.343662990142683533e+00 1.025208286385582805e-02
5.425898528326484005e+00 1.029802885019574961e-02
5.508171362612136690e+00 1.033843190733049582e-02
5.590484318058341451e+00 1.037394899789807409e-02
5.672837535311513690e+00 1.040516013148444670e-02
5.755228546189821159e+00 1.043257803583829725e-02
5.837652480647710362e+00 1.045665627433358183e-02
5.920102401408781745e+00 1.047779613096113532e-02
6.002569751504712947e+00 1.049635251352274042e-02
6.085044891397783928e+00 1.051263907165925215e-02
6.167517696219740664e+00 1.052693268362261958e-02
6.249978179858022287e+00 1.053947743118240250e-02
6.332417111056874326e+00 1.055048815393835708e-02
6.414826587252544954e+00 1.056015365150186208e-02
6.497200534400183081e+00 1.056863958377587780e-02
6.579535105442387177e+00 1.057609110532791059e-02
6.661828956152401560e+00 1.058263525902485361e-02
6.744083384620548571e+00 1.058838314612277863e-02
6.826302329277128322e+00 1.059343188430805598e-02
6.908492229535095674e+00 1.059786636126815174e-02
6.990661762203704832e+00 1.060176078881717825e-02
7.072821474965159005e+00 1.060518006111958039e-02
7.154983310901482874e+00 1.060818092649155192e-02
7.237159287257145301e+00 1.061081314302885804e-02
7.319359611787915831e+00 1.061312062534159988e-02
7.401592187796246947e+00 1.061514221384713720e-02
7.483862427184483579e+00 1.061691231103398594e-02
7.566173109606739722e+00 1.061846144379159466e-02
7.648524335931829121e+00 1.061981674588109888e-02
7.730913603120394662e+00 1.062100236306462268e-02
7.813336010552794697e+00 1.062203978801882533e-02
7.895784594098964604e+00 1.062294813453088654e-02
7.978250773167869347e+00 1.062374436148958226e-02
8.060724887411032213e+00 1.062444345733436560e-02
8.143196793607684114e+00 1.062505859512908116e-02
8.225656489455655418e+00 1.062560126749957125e-02
8.308094729427834224e+00 1.062608140941506338e-02
8.390503598404947638e+00 1.062650751535586247e-02
8.472877011334070119e+00 1.062688675583455498e-02
8.555211111554758219e+00 1.062722509664680223e-02
8.637504546518615101e+00 1.062752742265390266e-02
8.719758607164386888e+00 1.062779766639937971e-02
8.801977225836697727e+00 1.062803894051404970e-02
8.884166836827317226e+00 1.062825367169866614e-02
8.966336112687237403e+00 1.062844373319036216e-02
9.048495597599233164e+00 1.062861057206342975e-02
9.130657231795467510e+00 1.062875533387518112e-02
9.212833030173046112e+00 1.062887912396856191e-02
9.295033198469614177e+00 1.062898331536410793e-02
9.377265638187610719e+00 1.062906952648277371e-02
9.459535759567879509e+00 1.062913956580524219e-02
9.541846340679660088e+00 1.062919539596876572e-02
9.624197480837631602e+00 1.062923909787122888e-02
9.706586675448663826e+00 1.062927282654834577e-02
9.789009022324250964e+00 1.062929875693403164e-02
9.871457555749030277e+00 1.062931902116685985e-02
9.953923693541561590e+00 1.062933564103259523e-02
1.003639777377980380e+01 1.062935046004044072e-02
